1	53 
2	19 
3	70 
4	56 
5	77 
6	1 
7	72 
8	80 
9	73 
10	38 
11	82 
12	35 
13	11 
14	51 
15	83 
16	32 
17	50 
18	69 
19	19 
20	73 
21	59 
22	26 
23	29 
24	83 
25	19 
26	65 
27	39 
28	17 
29	46 
30	79 
31	56 
32	74 
33	3 
34	69 
35	97 
36	93 
37	34 
38	19 
39	12 
40	61 
41	24 
42	59 
43	84 
44	64 
45	77 
46	17 
47	46 
48	88 
49	50 
50	34 
51	43 
52	98 
53	90 
54	15 
55	39 
56	88 
57	58 
58	45 
59	71 
60	45 
61	32 
62	8 
63	69 
64	31 
65	81 
66	55 
67	81 
68	68 
69	33 
70	92 
71	11 
72	28 
73	31 
74	78 
75	95 
76	59 
77	21 
78	47 
79	39 
80	71 
81	33 
82	15 
83	69 
84	14 
85	41 
86	60 
87	79 
88	89 
89	44 
90	90 
91	83 
92	15 
93	66 
94	46 
95	40 
96	59 
97	27 
98	34 
99	4 
100	103 
101	68 
102	101 
103	89 
104	73 
105	20 
106	69 
107	58 
108	15 
109	22 
110	82 
111	69 
112	68 
113	7 
114	15 
115	8 
116	5 
117	72 
118	49 
119	56 
120	43 
121	55 
122	16 
123	62 
124	19 
125	27 
126	59 
127	92 
128	64 
129	87 
130	31 
131	62 
132	100 
133	81 
134	102 
135	92 
136	76 
137	69 
138	54 
139	77 
140	56 
141	21 
142	80 
143	13 
144	82 
145	88 
146	71 
147	6 
148	46 
149	18 
150	90 
151	42 
152	30 
153	60 
154	85 
155	63 
156	79 
157	38 
158	6 
159	53 
160	62 
161	17 
162	9 
163	96 
164	71 
165	56 
166	31 
167	53 
168	9 
169	58 
170	91 
171	57 
172	91 
173	31 
174	102 
175	74 
176	51 
177	102 
178	21 
179	2 
180	58 
181	41 
182	34 
183	14 
184	71 
185	25 
186	64 
187	11 
188	16 
189	26 
190	49 
191	74 
192	99 
193	75 
194	73 
195	32 
196	47 
197	16 
198	77 
199	46 
200	53 
201	30 
202	45 
203	56 
204	103 
205	101 
206	46 
207	104 
208	82 
209	31 
210	103 
211	55 
212	74 
213	6 
214	49 
215	18 
216	39 
217	31 
218	83 
219	92 
220	80 
221	79 
222	35 
223	21 
224	31 
225	35 
226	15 
227	50 
228	19 
229	53 
230	55 
231	54 
232	50 
233	78 
234	33 
235	91 
236	7 
237	49 
238	63 
239	8 
240	49 
241	31 
242	49 
243	64 
244	80 
245	69 
246	103 
247	79 
248	85 
249	46 
250	97 
251	54 
252	11 
253	34 
254	45 
255	19 
256	65 
257	84 
258	47 
259	63 
260	15 
261	16 
262	39 
263	16 
264	85 
265	30 
266	34 
267	2 
268	102 
269	55 
270	30 
271	33 
272	35 
273	104 
274	44 
275	64 
276	80 
277	3 
278	31 
279	26 
280	41 
281	53 
282	102 
283	64 
284	14 
285	72 
286	95 
287	90 
288	53 
289	73 
290	11 
291	41 
292	29 
293	56 
294	103 
295	85 
296	95 
297	42 
298	75 
299	77 
300	80 
301	83 
302	15 
303	14 
304	54 
305	72 
306	72 
307	93 
308	13 
309	30 
310	92 
311	64 
312	96 
313	101 
314	25 
315	38 
316	38 
317	84 
318	76 
319	18 
320	62 
321	93 
322	92 
323	58 
324	41 
325	51 
326	25 
327	65 
328	21 
329	5 
330	101 
331	43 
332	13 
333	97 
334	61 
335	48 
336	52 
337	74 
338	55 
339	52 
340	15 
341	19 
342	38 
343	69 
344	71 
345	43 
346	19 
347	5 
348	53 
349	41 
350	24 
351	80 
352	60 
353	17 
354	86 
355	66 
356	71 
357	37 
358	38 
359	99 
360	99 
361	41 
362	2 
363	70 
364	3 
365	25 
366	55 
367	72 
368	56 
369	15 
370	60 
371	84 
372	83 
373	13 
374	50 
375	101 
376	29 
377	8 
378	35 
379	8 
380	47 
381	23 
382	19 
383	94 
384	71 
385	84 
386	71 
387	61 
388	55 
389	58 
390	43 
391	85 
392	43 
393	65 
394	62 
395	45 
396	83 
397	102 
398	75 
399	75 
400	54 
401	7 
402	99 
403	46 
404	61 
405	46 
406	38 
407	45 
408	83 
409	96 
410	35 
411	55 
412	12 
413	85 
414	71 
415	69 
416	77 
417	2 
418	13 
419	44 
420	4 
421	63 
422	29 
423	10 
424	59 
425	49 
426	8 
427	15 
428	60 
429	3 
430	88 
431	53 
432	58 
433	52 
434	55 
435	94 
436	101 
437	69 
438	47 
439	56 
440	33 
441	4 
442	14 
443	86 
444	20 
445	81 
446	25 
447	27 
448	49 
449	99 
450	30 
451	41 
452	63 
453	43 
454	53 
455	44 
456	66 
457	84 
458	68 
459	55 
460	66 
461	104 
462	15 
463	66 
464	15 
465	35 
466	72 
467	79 
468	19 
469	25 
470	72 
471	79 
472	7 
473	63 
474	37 
475	19 
476	53 
477	57 
478	3 
479	64 
480	7 
481	71 
482	80 
483	22 
484	65 
485	16 
486	88 
487	46 
488	16 
489	83 
490	59 
491	21 
492	50 
493	43 
494	85 
495	56 
496	51 
497	71 
498	14 
499	95 
500	84 
501	4 
502	72 
503	29 
504	34 
505	41 
506	5 
507	69 
508	20 
509	32 
510	101 
511	33 
512	50 
513	84 
514	50 
515	64 
516	97 
517	9 
518	60 
519	34 
520	55 
521	11 
522	26 
523	17 
524	24 
525	15 
526	96 
527	50 
528	71 
529	29 
530	94 
531	19 
532	18 
533	12 
534	1 
535	77 
536	70 
537	39 
538	40 
539	56 
540	91 
541	30 
542	84 
543	56 
544	57 
545	61 
546	21 
547	10 
548	26 
549	95 
550	84 
551	71 
552	52 
553	13 
554	85 
555	31 
556	13 
557	83 
558	79 
559	58 
560	7 
561	46 
562	92 
563	62 
564	84 
565	83 
566	48 
567	41 
568	53 
569	53 
570	21 
571	31 
572	51 
573	58 
574	62 
575	97 
576	54 
577	79 
578	98 
579	66 
580	46 
581	19 
582	69 
583	64 
584	73 
585	60 
586	80 
587	77 
588	31 
589	6 
590	5 
591	34 
592	38 
593	61 
594	93 
595	61 
596	19 
597	12 
598	86 
599	19 
600	81 
601	66 
602	67 
603	27 
604	50 
605	13 
606	75 
607	19 
608	82 
609	103 
610	50 
611	99 
612	7 
613	80 
614	80 
615	69 
616	53 
617	50 
618	26 
619	11 
620	64 
621	50 
622	91 
623	82 
624	43 
625	41 
626	60 
627	14 
628	91 
629	82 
630	72 
631	54 
632	38 
633	30 
634	84 
635	34 
636	14 
637	66 
638	17 
639	86 
640	62 
641	74 
642	17 
643	21 
644	98 
645	45 
646	55 
647	92 
648	50 
649	59 
650	90 
651	53 
652	24 
653	39 
654	42 
655	45 
656	31 
657	76 
658	17 
659	91 
660	62 
661	82 
662	15 
663	69 
664	73 
665	38 
666	104 
667	36 
668	38 
669	80 
670	11 
671	55 
672	10 
673	20 
674	59 
675	86 
676	55 
677	73 
678	31 
679	65 
680	32 
681	31 
682	98 
683	52 
684	60 
685	69 
686	38 
687	61 
688	76 
689	90 
690	8 
691	57 
692	63 
693	22 
694	30 
695	38 
696	27 
697	37 
698	17 
699	7 
700	103 
701	55 
702	19 
703	101 
704	22 
705	56 
706	6 
707	49 
708	56 
709	51 
710	80 
711	60 
712	64 
713	90 
714	17 
715	77 
716	20 
717	30 
718	59 
719	88 
720	28 
721	72 
722	3 
723	45 
724	58 
725	102 
726	81 
727	6 
728	75 
729	73 
730	45 
731	98 
732	71 
733	80 
734	32 
735	22 
736	49 
737	88 
738	21 
739	38 
740	15 
741	64 
742	63 
743	15 
744	33 
745	21 
746	44 
747	8 
748	25 
749	26 
750	35 
751	103 
752	89 
753	18 
754	104 
755	57 
756	58 
757	71 
758	64 
759	48 
760	15 
761	19 
762	6 
763	63 
764	31 
765	1 
766	89 
767	35 
768	52 
769	93 
770	82 
771	94 
772	13 
773	45 
774	17 
775	87 
776	58 
777	37 
778	102 
779	79 
780	26 
781	65 
782	56 
783	85 
784	52 
785	96 
786	89 
787	56 
788	66 
789	84 
790	21 
791	18 
792	40 
793	53 
794	9 
795	20 
796	104 
797	59 
798	54 
799	46 
800	74 
801	63 
802	22 
803	45 
804	86 
805	92 
806	14 
807	62 
808	44 
809	64 
810	55 
811	30 
812	55 
813	88 
814	30 
815	77 
816	61 
817	34 
818	58 
819	37 
820	76 
821	34 
822	86 
823	28 
824	89 
825	66 
826	41 
827	4 
828	45 
829	18 
830	57 
831	44 
832	90 
833	89 
834	50 
835	53 
836	3 
837	4 
838	79 
839	68 
840	81 
841	94 
842	34 
843	76 
844	61 
845	89 
846	72 
847	24 
848	45 
849	82 
850	73 
851	93 
852	56 
853	45 
854	2 
855	24 
856	17 
857	78 
858	21 
859	63 
860	20 
861	84 
862	45 
863	91 
864	19 
865	85 
866	38 
867	56 
868	97 
869	99 
870	43 
871	71 
872	51 
873	35 
874	8 
875	79 
876	31 
877	14 
878	39 
879	15 
880	30 
881	27 
882	50 
883	90 
884	15 
885	81 
886	9 
887	95 
888	15 
889	87 
890	21 
891	44 
892	89 
893	38 
894	51 
895	71 
896	53 
897	40 
898	72 
899	23 
900	88 
901	43 
902	103 
903	72 
904	41 
905	28 
906	47 
907	49 
908	79 
909	30 
910	39 
911	26 
912	30 
913	48 
914	71 
915	46 
916	85 
917	23 
918	50 
919	63 
920	90 
921	49 
922	63 
923	82 
924	19 
925	16 
926	101 
927	103 
928	67 
929	20 
930	53 
931	47 
932	33 
933	53 
934	61 
935	72 
936	30 
937	94 
938	77 
939	30 
940	84 
941	83 
942	69 
943	59 
944	77 
945	52 
946	41 
947	85 
948	56 
949	37 
950	30 
951	44 
952	6 
953	16 
954	52 
955	46 
956	95 
957	41 
958	89 
959	36 
960	80 
961	102 
962	30 
963	20 
964	74 
965	104 
966	35 
967	52 
968	100 
969	60 
970	38 
971	15 
972	13 
973	16 
974	101 
975	46 
976	84 
977	15 
978	33 
979	60 
980	28 
981	56 
982	68 
983	5 
984	55 
985	42 
986	83 
987	68 
988	40 
989	29 
990	43 
991	53 
992	66 
993	26 
994	8 
995	45 
996	33 
997	6 
998	25 
999	41 
1000	30 
1001	48 
1002	18 
1003	44 
1004	71 
1005	31 
1006	38 
1007	21 
1008	101 
1009	10 
1010	90 
1011	48 
1012	61 
1013	18 
1014	19 
1015	42 
1016	52 
1017	80 
1018	93 
1019	68 
1020	21 
1021	23 
1022	19 
1023	102 
1024	2 
1025	22 
1026	9 
1027	63 
1028	56 
1029	75 
1030	85 
1031	92 
1032	15 
1033	10 
1034	1 
1035	78 
1036	51 
1037	21 
1038	84 
1039	63 
1040	85 
1041	55 
1042	56 
1043	7 
1044	4 
1045	88 
1046	49 
1047	2 
1048	65 
1049	104 
1050	101 
1051	85 
1052	20 
1053	60 
1054	23 
1055	78 
1056	16 
1057	84 
1058	14 
1059	60 
1060	8 
1061	102 
1062	84 
1063	83 
1064	88 
1065	55 
1066	97 
1067	50 
1068	47 
1069	27 
1070	43 
1071	63 
1072	5 
1073	49 
1074	32 
1075	21 
1076	22 
1077	35 
1078	64 
1079	90 
1080	60 
1081	82 
1082	99 
1083	90 
1084	96 
1085	34 
1086	63 
1087	11 
1088	50 
1089	50 
1090	55 
1091	34 
1092	59 
1093	45 
1094	31 
1095	97 
1096	40 
1097	43 
1098	93 
1099	16 
1100	89 
1101	45 
1102	22 
1103	91 
1104	91 
1105	102 
1106	99 
1107	56 
1108	60 
1109	10 
1110	65 
1111	85 
1112	16 
1113	6 
1114	2 
1115	16 
1116	2 
1117	71 
1118	25 
1119	11 
1120	7 
1121	14 
1122	46 
1123	85 
1124	3 
1125	97 
1126	48 
1127	81 
1128	85 
1129	34 
1130	31 
1131	45 
1132	7 
1133	15 
1134	45 
1135	71 
1136	30 
1137	43 
1138	61 
1139	67 
1140	49 
1141	44 
1142	6 
1143	16 
1144	66 
1145	30 
1146	16 
1147	59 
1148	16 
1149	17 
1150	30 
1151	26 
1152	6 
1153	54 
1154	76 
1155	92 
1156	94 
1157	48 
1158	19 
1159	16 
1160	97 
1161	79 
1162	103 
1163	6 
1164	82 
1165	30 
1166	71 
1167	25 
1168	58 
1169	34 
1170	57 
1171	40 
1172	70 
1173	46 
1174	82 
1175	42 
1176	46 
1177	63 
1178	31 
1179	83 
1180	90 
1181	33 
1182	50 
1183	67 
1184	53 
1185	21 
1186	90 
1187	37 
1188	13 
1189	34 
1190	30 
1191	93 
1192	40 
1193	44 
1194	12 
1195	47 
1196	71 
1197	84 
1198	55 
1199	24 
1200	53 
1201	84 
1202	41 
1203	73 
1204	19 
1205	72 
1206	75 
1207	41 
1208	34 
1209	82 
1210	65 
1211	21 
1212	30 
1213	8 
1214	13 
1215	99 
1216	33 
1217	61 
1218	18 
1219	102 
1220	13 
1221	57 
1222	41 
1223	60 
1224	35 
1225	21 
1226	21 
1227	5 
1228	31 
1229	20 
1230	44 
1231	22 
1232	56 
1233	40 
1234	61 
1235	69 
1236	53 
1237	43 
1238	40 
1239	58 
1240	5 
1241	8 
1242	45 
1243	42 
1244	95 
1245	86 
1246	38 
1247	44 
1248	48 
1249	21 
1250	39 
1251	15 
1252	15 
1253	78 
1254	60 
1255	45 
1256	103 
1257	59 
1258	9 
1259	66 
1260	55 
1261	57 
1262	47 
1263	95 
1264	51 
1265	63 
1266	98 
1267	69 
1268	62 
1269	69 
1270	85 
1271	13 
1272	43 
1273	104 
1274	66 
1275	85 
1276	62 
1277	85 
1278	21 
1279	93 
1280	55 
1281	35 
1282	42 
1283	65 
1284	74 
1285	74 
1286	11 
1287	61 
1288	94 
1289	57 
1290	58 
1291	21 
1292	42 
1293	56 
1294	67 
1295	11 
1296	72 
1297	11 
1298	84 
1299	19 
1300	84 
1301	38 
1302	68 
1303	51 
1304	6 
1305	60 
1306	74 
1307	55 
1308	100 
1309	38 
1310	34 
1311	61 
1312	33 
1313	69 
1314	34 
1315	49 
1316	102 
1317	56 
1318	91 
1319	4 
1320	71 
1321	3 
1322	33 
1323	88 
1324	61 
1325	19 
1326	25 
1327	64 
1328	88 
1329	52 
1330	94 
1331	60 
1332	31 
1333	76 
1334	34 
1335	45 
1336	16 
1337	53 
1338	53 
1339	83 
1340	102 
1341	32 
1342	5 
1343	100 
1344	38 
1345	56 
1346	84 
1347	7 
1348	1 
1349	82 
1350	103 
1351	100 
1352	19 
1353	85 
1354	97 
1355	69 
1356	95 
1357	26 
1358	56 
1359	64 
1360	81 
1361	34 
1362	65 
1363	82 
1364	56 
1365	30 
1366	100 
1367	4 
1368	56 
1369	93 
1370	98 
1371	13 
1372	38 
1373	102 
1374	53 
1375	84 
1376	43 
1377	32 
1378	51 
1379	44 
1380	9 
1381	27 
1382	45 
1383	36 
1384	85 
1385	3 
1386	30 
1387	78 
1388	72 
1389	58 
1390	52 
1391	1 
1392	18 
1393	32 
1394	53 
1395	51 
1396	52 
1397	59 
1398	75 
1399	11 
1400	78 
1401	82 
1402	45 
1403	7 
1404	13 
1405	72 
1406	13 
1407	80 
1408	32 
1409	21 
1410	102 
1411	78 
1412	11 
1413	24 
1414	78 
1415	35 
1416	80 
1417	83 
1418	23 
1419	92 
1420	81 
1421	7 
1422	64 
1423	101 
1424	86 
1425	43 
1426	85 
1427	80 
1428	33 
1429	56 
1430	71 
1431	92 
1432	34 
1433	79 
1434	103 
1435	69 
1436	70 
1437	33 
1438	53 
1439	79 
1440	34 
1441	76 
1442	4 
1443	82 
1444	43 
1445	8 
1446	35 
1447	43 
1448	45 
1449	21 
1450	80 
1451	67 
1452	93 
1453	57 
1454	56 
1455	88 
1456	35 
1457	35 
1458	85 
1459	29 
1460	41 
1461	30 
1462	71 
1463	64 
1464	18 
1465	79 
1466	43 
1467	82 
1468	46 
1469	15 
1470	31 
1471	44 
1472	29 
1473	81 
1474	20 
1475	26 
1476	2 
1477	31 
1478	38 
1479	7 
1480	76 
1481	45 
1482	64 
1483	9 
1484	6 
1485	82 
1486	83 
1487	13 
1488	58 
1489	102 
1490	58 
1491	54 
1492	36 
1493	24 
1494	24 
1495	38 
1496	60 
1497	41 
1498	84 
1499	14 
1500	69 
1501	13 
1502	45 
1503	43 
1504	10 
1505	54 
1506	17 
1507	34 
1508	60 
1509	14 
1510	35 
1511	30 
1512	95 
1513	15 
1514	60 
1515	49 
1516	65 
1517	84 
1518	72 
1519	41 
1520	21 
1521	48 
1522	61 
1523	12 
1524	49 
1525	10 
1526	53 
1527	45 
1528	100 
1529	70 
1530	15 
1531	77 
1532	83 
1533	82 
1534	38 
1535	102 
1536	30 
1537	71 
1538	1 
1539	64 
1540	95 
1541	38 
1542	21 
1543	21 
1544	34 
1545	64 
1546	39 
1547	17 
1548	38 
1549	103 
1550	56 
1551	101 
1552	55 
1553	48 
1554	84 
1555	66 
1556	31 
1557	1 
1558	50 
1559	6 
1560	12 
1561	88 
1562	35 
1563	14 
1564	13 
1565	47 
1566	45 
1567	53 
1568	7 
1569	45 
1570	91 
1571	24 
1572	2 
1573	71 
1574	17 
1575	39 
1576	90 
1577	77 
1578	60 
1579	61 
1580	53 
1581	56 
1582	28 
1583	64 
1584	83 
1585	104 
1586	71 
1587	69 
1588	34 
1589	60 
1590	83 
1591	94 
1592	60 
1593	38 
1594	46 
1595	80 
1596	49 
1597	38 
1598	75 
1599	30 
1600	58 
1601	38 
1602	55 
1603	87 
1604	88 
1605	67 
1606	54 
1607	89 
1608	73 
1609	5 
1610	67 
1611	60 
1612	34 
1613	54 
1614	90 
1615	46 
1616	56 
1617	66 
1618	85 
1619	59 
1620	79 
1621	21 
1622	85 
1623	89 
1624	90 
1625	63 
1626	99 
1627	102 
1628	17 
1629	61 
1630	83 
1631	46 
1632	91 
1633	42 
1634	34 
1635	88 
1636	92 
1637	85 
1638	42 
1639	5 
1640	33 
1641	76 
1642	104 
1643	33 
1644	101 
1645	15 
1646	45 
1647	80 
1648	102 
1649	92 
1650	11 
1651	58 
1652	75 
1653	18 
1654	53 
1655	85 
1656	69 
1657	90 
1658	98 
1659	103 
1660	66 
1661	48 
1662	31 
1663	76 
1664	68 
1665	43 
1666	15 
1667	51 
1668	61 
1669	95 
1670	28 
1671	46 
1672	101 
1673	30 
1674	12 
1675	44 
1676	66 
1677	75 
1678	99 
1679	53 
1680	79 
1681	100 
1682	26 
1683	47 
1684	95 
1685	96 
1686	80 
1687	80 
1688	100 
1689	32 
1690	38 
1691	26 
1692	44 
1693	75 
1694	23 
1695	49 
1696	49 
1697	52 
1698	69 
1699	72 
1700	21 
1701	96 
1702	53 
1703	48 
1704	12 
1705	61 
1706	2 
1707	53 
1708	67 
1709	46 
1710	41 
1711	50 
1712	99 
1713	3 
1714	58 
1715	12 
1716	76 
1717	77 
1718	92 
1719	18 
1720	83 
1721	38 
1722	79 
1723	35 
1724	99 
1725	51 
1726	50 
1727	81 
1728	73 
1729	58 
1730	28 
1731	53 
1732	15 
1733	46 
1734	94 
1735	40 
1736	66 
1737	47 
1738	41 
1739	63 
1740	102 
1741	68 
1742	97 
1743	15 
1744	86 
1745	31 
1746	11 
1747	43 
1748	52 
1749	21 
1750	99 
1751	50 
1752	13 
1753	27 
1754	65 
1755	16 
1756	45 
1757	14 
1758	41 
1759	83 
1760	29 
1761	104 
1762	84 
1763	85 
1764	21 
1765	64 
1766	40 
1767	30 
1768	75 
1769	90 
1770	36 
1771	31 
1772	46 
1773	69 
1774	30 
1775	50 
1776	98 
1777	69 
1778	91 
1779	21 
1780	71 
1781	53 
1782	21 
1783	87 
1784	102 
1785	81 
1786	55 
1787	6 
1788	86 
1789	46 
1790	59 
1791	52 
1792	28 
1793	20 
1794	85 
1795	9 
1796	8 
1797	78 
1798	101 
1799	23 
1800	26 
1801	79 
1802	7 
1803	88 
1804	38 
1805	72 
1806	24 
1807	13 
1808	30 
1809	90 
1810	76 
1811	75 
1812	35 
1813	32 
1814	38 
1815	45 
1816	63 
1817	58 
1818	14 
1819	101 
1820	50 
1821	100 
1822	45 
1823	31 
1824	27 
1825	44 
1826	73 
1827	48 
1828	82 
1829	67 
1830	104 
1831	27 
1832	15 
1833	50 
1834	23 
1835	4 
1836	103 
1837	5 
1838	43 
1839	72 
1840	44 
1841	8 
1842	19 
1843	88 
1844	83 
1845	6 
1846	95 
1847	102 
1848	52 
1849	34 
1850	2 
1851	36 
1852	2 
1853	42 
1854	60 
1855	53 
1856	55 
1857	45 
1858	18 
1859	30 
1860	13 
1861	54 
1862	11 
1863	30 
1864	15 
1865	77 
1866	81 
1867	78 
1868	72 
1869	57 
1870	3 
1871	41 
1872	88 
1873	17 
1874	80 
1875	63 
1876	56 
1877	12 
1878	95 
1879	15 
1880	84 
1881	87 
1882	66 
1883	94 
1884	53 
1885	13 
1886	3 
1887	37 
1888	47 
1889	19 
1890	6 
1891	52 
1892	19 
1893	69 
1894	76 
1895	69 
1896	41 
1897	102 
1898	47 
1899	16 
1900	98 
1901	93 
1902	42 
1903	103 
1904	19 
1905	78 
1906	66 
1907	102 
1908	59 
1909	61 
1910	80 
1911	87 
1912	102 
1913	61 
1914	100 
1915	41 
1916	67 
1917	41 
1918	61 
1919	71 
1920	6 
1921	51 
1922	15 
1923	21 
1924	35 
1925	38 
1926	15 
1927	35 
1928	30 
1929	91 
1930	62 
1931	84 
1932	68 
1933	4 
1934	53 
1935	55 
1936	46 
1937	84 
1938	60 
1939	19 
1940	75 
1941	93 
1942	6 
1943	13 
1944	104 
1945	78 
1946	62 
1947	50 
1948	11 
1949	16 
1950	17 
1951	71 
1952	72 
1953	10 
1954	66 
1955	88 
1956	91 
1957	28 
1958	102 
1959	66 
1960	88 
1961	43 
1962	47 
1963	35 
1964	23 
1965	53 
1966	80 
1967	34 
1968	43 
1969	87 
1970	90 
1971	37 
1972	92 
1973	28 
1974	57 
1975	57 
1976	69 
1977	67 
1978	55 
1979	36 
1980	52 
1981	90 
1982	10 
1983	66 
1984	65 
1985	30 
1986	76 
1987	67 
1988	92 
1989	53 
1990	84 
1991	98 
1992	61 
1993	102 
1994	64 
1995	38 
1996	10 
1997	31 
1998	16 
1999	56 
2000	56 
2001	82 
2002	103 
2003	31 
2004	19 
2005	85 
2006	10 
2007	33 
2008	52 
2009	27 
2010	67 
2011	98 
2012	4 
2013	21 
2014	15 
2015	100 
2016	12 
2017	71 
2018	84 
2019	30 
2020	92 
2021	33 
2022	100 
2023	85 
2024	78 
2025	42 
2026	69 
2027	49 
2028	15 
2029	24 
2030	93 
2031	13 
2032	66 
2033	21 
2034	19 
2035	43 
2036	51 
2037	73 
2038	5 
2039	51 
2040	77 
2041	4 
2042	47 
2043	91 
2044	16 
2045	83 
2046	66 
2047	50 
2048	21 
2049	52 
2050	89 
2051	58 
2052	7 
2053	77 
2054	19 
2055	83 
2056	89 
2057	30 
2058	25 
2059	69 
2060	88 
2061	89 
2062	51 
2063	101 
2064	90 
2065	53 
2066	57 
2067	50 
2068	50 
2069	82 
2070	5 
2071	15 
2072	11 
2073	50 
2074	38 
2075	38 
2076	4 
2077	6 
2078	79 
2079	64 
2080	21 
2081	9 
2082	12 
2083	81 
2084	97 
2085	50 
2086	49 
2087	34 
2088	5 
2089	15 
2090	41 
2091	56 
2092	56 
2093	28 
2094	34 
2095	63 
2096	55 
2097	86 
2098	7 
2099	96 
2100	13 
2101	16 
2102	49 
2103	29 
2104	66 
2105	93 
2106	86 
2107	51 
2108	22 
2109	46 
2110	60 
2111	55 
2112	3 
2113	73 
2114	39 
2115	103 
2116	15 
2117	85 
2118	66 
2119	13 
2120	87 
2121	8 
2122	42 
2123	38 
2124	88 
2125	55 
2126	90 
2127	52 
2128	58 
2129	60 
2130	53 
2131	92 
2132	66 
2133	14 
2134	16 
2135	85 
2136	79 
2137	33 
2138	90 
2139	2 
2140	71 
2141	72 
2142	49 
2143	91 
2144	11 
2145	3 
2146	7 
2147	9 
2148	84 
2149	2 
2150	31 
2151	22 
2152	7 
2153	84 
2154	38 
2155	37 
2156	95 
2157	30 
2158	85 
2159	102 
2160	27 
2161	15 
2162	12 
2163	66 
2164	21 
2165	16 
2166	21 
2167	61 
2168	15 
2169	62 
2170	92 
2171	36 
2172	80 
2173	11 
2174	13 
2175	34 
2176	103 
2177	64 
2178	75 
2179	27 
2180	19 
2181	58 
2182	4 
2183	27 
2184	82 
2185	55 
2186	57 
2187	46 
2188	71 
2189	53 
2190	69 
2191	28 
2192	37 
2193	16 
2194	71 
2195	38 
2196	19 
2197	46 
2198	85 
2199	57 
2200	38 
2201	46 
2202	58 
2203	14 
2204	7 
2205	13 
2206	90 
2207	83 
2208	15 
2209	14 
2210	63 
2211	38 
2212	103 
2213	28 
2214	50 
2215	5 
2216	71 
2217	4 
2218	87 
2219	38 
2220	90 
2221	96 
2222	41 
2223	71 
2224	54 
2225	66 
2226	65 
2227	34 
2228	71 
2229	69 
2230	59 
2231	34 
2232	85 
2233	34 
2234	88 
2235	26 
2236	96 
2237	15 
2238	90 
2239	90 
2240	46 
2241	87 
2242	84 
2243	79 
2244	38 
2245	57 
2246	87 
2247	63 
2248	45 
2249	61 
2250	13 
2251	19 
2252	86 
2253	24 
2254	8 
2255	68 
2256	85 
2257	8 
2258	76 
2259	89 
2260	44 
2261	98 
2262	72 
2263	20 
2264	84 
2265	79 
2266	82 
2267	94 
2268	13 
2269	19 
2270	65 
2271	61 
2272	28 
2273	50 
2274	76 
2275	29 
2276	85 
2277	58 
2278	72 
2279	84 
2280	103 
2281	79 
2282	53 
2283	101 
2284	97 
2285	21 
2286	23 
2287	78 
2288	97 
2289	88 
2290	89 
2291	41 
2292	55 
2293	10 
2294	8 
2295	5 
2296	42 
2297	103 
2298	16 
2299	99 
2300	60 
2301	92 
2302	100 
2303	104 
2304	72 
2305	75 
2306	21 
2307	102 
2308	38 
2309	96 
2310	53 
2311	13 
2312	81 
2313	44 
2314	102 
2315	91 
2316	59 
2317	17 
2318	19 
2319	52 
2320	67 
2321	20 
2322	59 
2323	82 
2324	61 
2325	5 
2326	62 
2327	79 
2328	53 
2329	22 
2330	92 
2331	38 
2332	41 
2333	50 
2334	36 
2335	55 
2336	71 
2337	83 
2338	63 
2339	14 
2340	36 
2341	83 
2342	36 
2343	9 
2344	31 
2345	46 
2346	30 
2347	15 
2348	102 
2349	56 
2350	31 
2351	102 
2352	102 
2353	30 
2354	32 
2355	75 
2356	82 
2357	45 
2358	87 
2359	11 
2360	51 
2361	66 
2362	74 
2363	46 
2364	37 
2365	50 
2366	88 
2367	93 
2368	46 
2369	80 
2370	64 
2371	76 
2372	33 
2373	61 
2374	103 
2375	65 
2376	85 
2377	40 
2378	7 
2379	69 
2380	71 
2381	96 
2382	65 
2383	21 
2384	58 
2385	84 
2386	17 
2387	99 
2388	61 
2389	19 
2390	31 
2391	23 
2392	37 
2393	9 
2394	54 
2395	72 
2396	52 
2397	39 
2398	69 
2399	69 
2400	85 
2401	69 
2402	64 
2403	102 
2404	53 
2405	19 
2406	14 
2407	89 
2408	72 
2409	15 
2410	86 
2411	103 
2412	58 
2413	47 
2414	70 
2415	103 
2416	55 
2417	7 
2418	9 
2419	86 
2420	104 
2421	51 
2422	53 
2423	14 
2424	21 
2425	1 
2426	104 
2427	84 
2428	97 
2429	60 
2430	11 
2431	31 
2432	59 
2433	89 
2434	87 
2435	23 
2436	25 
2437	13 
2438	88 
2439	15 
2440	50 
2441	79 
2442	52 
2443	50 
2444	89 
2445	41 
2446	55 
2447	44 
2448	94 
2449	57 
2450	55 
2451	104 
2452	81 
2453	20 
2454	63 
2455	45 
2456	9 
2457	39 
2458	85 
2459	43 
2460	12 
2461	30 
2462	12 
2463	9 
2464	75 
2465	58 
2466	72 
2467	43 
2468	70 
2469	79 
2470	38 
2471	30 
2472	79 
2473	38 
2474	46 
2475	13 
2476	60 
2477	17 
2478	76 
2479	70 
2480	60 
2481	41 
2482	67 
2483	81 
2484	80 
2485	13 
2486	34 
2487	31 
2488	76 
2489	10 
2490	57 
2491	102 
2492	4 
2493	15 
2494	1 
2495	65 
2496	69 
2497	20 
2498	26 
2499	36 
2500	72 
2501	60 
2502	48 
2503	14 
2504	15 
2505	54 
2506	76 
2507	44 
2508	100 
2509	52 
2510	78 
2511	53 
2512	101 
2513	7 
2514	11 
2515	34 
2516	97 
2517	2 
2518	61 
2519	71 
2520	84 
2521	43 
2522	61 
2523	88 
2524	17 
2525	57 
2526	31 
2527	66 
2528	84 
2529	38 
2530	33 
2531	75 
2532	71 
2533	61 
2534	45 
2535	93 
2536	33 
2537	19 
2538	73 
2539	2 
2540	38 
2541	46 
2542	56 
2543	92 
2544	27 
2545	32 
2546	80 
2547	17 
2548	60 
2549	34 
2550	71 
2551	54 
2552	31 
2553	72 
2554	34 
2555	69 
2556	56 
2557	37 
2558	64 
2559	61 
2560	103 
2561	70 
2562	57 
2563	5 
2564	101 
2565	15 
2566	53 
2567	19 
2568	84 
2569	68 
2570	22 
2571	32 
2572	10 
2573	6 
2574	32 
2575	57 
2576	30 
2577	91 
2578	18 
2579	25 
2580	21 
2581	93 
2582	43 
2583	53 
2584	80 
2585	97 
2586	81 
2587	80 
2588	10 
2589	45 
2590	44 
2591	62 
2592	90 
2593	85 
2594	44 
2595	12 
2596	43 
2597	79 
2598	85 
2599	80 
2600	64 
2601	79 
2602	84 
2603	21 
2604	80 
2605	66 
2606	64 
2607	33 
2608	3 
2609	56 
2610	38 
2611	82 
2612	5 
2613	101 
2614	78 
2615	50 
2616	17 
2617	53 
2618	85 
2619	45 
2620	85 
2621	68 
2622	102 
2623	59 
2624	26 
2625	94 
2626	36 
2627	37 
2628	9 
2629	71 
2630	37 
2631	14 
2632	96 
2633	21 
2634	21 
2635	24 
2636	17 
2637	104 
2638	9 
2639	18 
2640	10 
2641	31 
2642	33 
2643	79 
2644	46 
2645	62 
2646	81 
2647	53 
2648	5 
2649	88 
2650	40 
2651	53 
2652	83 
2653	57 
2654	103 
2655	31 
2656	6 
2657	67 
2658	44 
2659	21 
2660	89 
2661	16 
2662	75 
2663	31 
2664	84 
2665	62 
2666	31 
2667	101 
2668	90 
2669	68 
2670	44 
2671	28 
2672	5 
2673	45 
2674	4 
2675	44 
2676	72 
2677	89 
2678	48 
2679	56 
2680	89 
2681	50 
2682	80 
2683	37 
2684	84 
2685	104 
2686	50 
2687	23 
2688	72 
2689	47 
2690	7 
2691	61 
2692	64 
2693	103 
2694	80 
2695	104 
2696	89 
2697	90 
2698	39 
2699	96 
2700	74 
2701	46 
2702	58 
2703	15 
2704	17 
2705	64 
2706	30 
2707	82 
2708	89 
2709	33 
2710	23 
2711	20 
2712	37 
2713	84 
2714	53 
2715	50 
2716	51 
2717	72 
2718	71 
2719	16 
2720	19 
2721	2 
2722	29 
2723	64 
2724	83 
2725	102 
2726	55 
2727	19 
2728	60 
2729	13 
2730	69 
2731	18 
2732	66 
2733	53 
2734	71 
2735	58 
2736	41 
2737	10 
2738	5 
2739	31 
2740	3 
2741	83 
2742	101 
2743	40 
2744	70 
2745	53 
2746	62 
2747	53 
2748	19 
2749	30 
2750	85 
2751	103 
2752	2 
2753	15 
2754	51 
2755	72 
2756	75 
2757	71 
2758	69 
2759	49 
2760	2 
2761	71 
2762	75 
2763	38 
2764	98 
2765	103 
2766	17 
2767	38 
2768	50 
2769	55 
2770	57 
2771	7 
2772	28 
2773	35 
2774	101 
2775	103 
2776	56 
2777	31 
2778	77 
2779	75 
2780	67 
2781	56 
2782	21 
2783	32 
2784	63 
2785	9 
2786	29 
2787	18 
2788	70 
2789	66 
2790	79 
2791	92 
2792	64 
2793	15 
2794	49 
2795	76 
2796	3 
2797	43 
2798	97 
2799	21 
2800	32 
2801	104 
2802	87 
2803	39 
2804	85 
2805	43 
2806	32 
2807	84 
2808	60 
2809	98 
2810	71 
2811	55 
2812	68 
2813	35 
2814	50 
2815	34 
2816	48 
2817	13 
2818	19 
2819	89 
2820	46 
2821	33 
2822	104 
2823	53 
2824	73 
2825	75 
2826	6 
2827	84 
2828	21 
2829	57 
2830	103 
2831	2 
2832	79 
2833	81 
2834	90 
2835	37 
2836	81 
2837	76 
2838	84 
2839	20 
2840	55 
2841	48 
2842	84 
2843	80 
2844	52 
2845	100 
2846	15 
2847	27 
2848	67 
2849	85 
2850	78 
2851	1 
2852	43 
2853	45 
2854	9 
2855	22 
2856	36 
2857	45 
2858	85 
2859	47 
2860	90 
2861	11 
2862	5 
2863	74 
2864	21 
2865	79 
2866	1 
2867	28 
2868	57 
2869	21 
2870	100 
2871	8 
2872	56 
2873	45 
2874	4 
2875	90 
2876	59 
2877	28 
2878	13 
2879	1 
2880	94 
2881	45 
2882	46 
2883	40 
2884	66 
2885	61 
2886	21 
2887	14 
2888	80 
2889	46 
2890	53 
2891	23 
2892	4 
2893	1 
2894	11 
2895	74 
2896	39 
2897	35 
2898	18 
2899	13 
2900	91 
2901	66 
2902	58 
2903	56 
2904	21 
2905	3 
2906	10 
2907	16 
2908	98 
2909	63 
2910	58 
2911	61 
2912	46 
2913	41 
2914	59 
2915	58 
2916	14 
2917	38 
2918	13 
2919	101 
2920	17 
2921	56 
2922	103 
2923	50 
2924	17 
2925	38 
2926	83 
2927	54 
2928	32 
2929	89 
2930	83 
2931	97 
2932	34 
2933	90 
2934	45 
2935	57 
2936	30 
2937	41 
2938	76 
2939	49 
2940	89 
2941	15 
2942	69 
2943	38 
2944	48 
2945	90 
2946	60 
2947	14 
2948	98 
2949	45 
2950	43 
2951	6 
2952	60 
2953	83 
2954	83 
2955	85 
2956	59 
2957	80 
2958	61 
2959	71 
2960	88 
2961	22 
2962	62 
2963	49 
2964	15 
2965	51 
2966	66 
2967	97 
2968	44 
2969	71 
2970	85 
2971	70 
2972	64 
2973	13 
2974	50 
2975	12 
2976	40 
2977	34 
2978	76 
2979	80 
2980	59 
2981	60 
2982	69 
2983	56 
2984	82 
2985	23 
2986	48 
2987	62 
2988	10 
2989	5 
2990	53 
2991	74 
2992	46 
2993	85 
2994	50 
2995	13 
2996	65 
2997	92 
2998	71 
2999	67 
3000	13 
3001	93 
3002	32 
3003	3 
3004	24 
3005	13 
3006	34 
3007	9 
3008	46 
3009	29 
3010	48 
3011	55 
3012	63 
3013	81 
3014	36 
3015	13 
3016	82 
3017	50 
3018	38 
3019	61 
3020	96 
3021	14 
3022	97 
3023	83 
3024	94 
3025	82 
3026	63 
3027	90 
3028	49 
3029	73 
3030	47 
3031	44 
3032	37 
3033	88 
3034	22 
3035	103 
3036	41 
3037	66 
3038	56 
3039	18 
3040	22 
3041	26 
3042	93 
3043	46 
3044	61 
3045	101 
3046	88 
3047	30 
3048	75 
3049	21 
3050	53 
3051	50 
3052	83 
3053	101 
3054	83 
3055	45 
3056	68 
3057	17 
3058	46 
3059	59 
3060	30 
3061	36 
3062	41 
3063	90 
3064	74 
3065	16 
3066	71 
3067	69 
3068	64 
3069	30 
3070	80 
3071	73 
3072	68 
3073	68 
3074	96 
3075	35 
3076	66 
3077	26 
3078	40 
3079	66 
3080	42 
3081	17 
3082	52 
3083	74 
3084	45 
3085	88 
3086	66 
3087	6 
3088	66 
3089	33 
3090	41 
3091	88 
3092	74 
3093	1 
3094	49 
3095	44 
3096	84 
3097	31 
3098	19 
3099	19 
3100	95 
3101	84 
3102	57 
3103	30 
3104	11 
3105	46 
3106	92 
3107	80 
3108	47 
3109	66 
3110	56 
3111	18 
3112	19 
3113	43 
3114	49 
3115	15 
3116	73 
3117	84 
3118	81 
3119	17 
3120	66 
3121	83 
3122	57 
3123	50 
3124	8 
3125	56 
3126	75 
3127	53 
3128	54 
3129	30 
3130	3 
3131	31 
3132	31 
3133	33 
3134	55 
3135	3 
3136	48 
3137	61 
3138	26 
3139	72 
3140	34 
3141	11 
3142	100 
3143	38 
3144	42 
3145	4 
3146	70 
3147	17 
3148	66 
3149	55 
3150	50 
3151	36 
3152	83 
3153	76 
3154	69 
3155	13 
3156	88 
3157	46 
3158	13 
3159	2 
3160	76 
3161	43 
3162	41 
3163	43 
3164	61 
3165	41 
3166	2 
3167	58 
3168	76 
3169	14 
3170	5 
3171	97 
3172	29 
3173	55 
3174	47 
3175	30 
3176	87 
3177	21 
3178	104 
3179	74 
3180	49 
3181	11 
3182	13 
3183	35 
3184	31 
3185	80 
3186	70 
3187	79 
3188	33 
3189	81 
3190	38 
3191	61 
3192	21 
3193	28 
3194	53 
3195	53 
3196	80 
3197	59 
3198	58 
3199	69 
3200	30 
3201	35 
3202	31 
3203	103 
3204	41 
3205	87 
3206	84 
3207	43 
3208	44 
3209	61 
3210	85 
3211	80 
3212	38 
3213	38 
3214	19 
3215	7 
3216	99 
3217	9 
3218	86 
3219	11 
3220	49 
3221	32 
3222	13 
3223	25 
3224	23 
3225	8 
3226	97 
3227	9 
3228	33 
3229	35 
3230	33 
3231	93 
3232	31 
3233	5 
3234	30 
3235	103 
3236	74 
3237	68 
3238	3 
3239	55 
3240	45 
3241	93 
3242	49 
3243	35 
3244	30 
3245	84 
3246	31 
3247	37 
3248	69 
3249	6 
3250	103 
3251	23 
3252	72 
3253	71 
3254	48 
3255	95 
3256	19 
3257	66 
3258	45 
3259	60 
3260	19 
3261	17 
3262	74 
3263	71 
3264	56 
3265	28 
3266	12 
3267	9 
3268	19 
3269	93 
3270	66 
3271	101 
3272	61 
3273	10 
3274	77 
3275	9 
3276	63 
3277	19 
3278	7 
3279	90 
3280	41 
3281	21 
3282	31 
3283	22 
3284	41 
3285	42 
3286	16 
3287	17 
3288	68 
3289	14 
3290	66 
3291	17 
3292	25 
3293	86 
3294	13 
3295	27 
3296	12 
3297	102 
3298	44 
3299	3 
3300	79 
3301	74 
3302	21 
3303	81 
3304	6 
3305	18 
3306	99 
3307	84 
3308	89 
3309	53 
3310	58 
3311	22 
3312	75 
3313	38 
3314	98 
3315	7 
3316	32 
3317	59 
3318	53 
3319	103 
3320	51 
3321	59 
3322	85 
3323	53 
3324	44 
3325	87 
3326	52 
3327	60 
3328	42 
3329	57 
3330	3 
3331	80 
3332	32 
3333	31 
3334	32 
3335	86 
3336	49 
3337	59 
3338	32 
3339	48 
3340	46 
3341	48 
3342	65 
3343	58 
3344	88 
3345	76 
3346	70 
3347	39 
3348	28 
3349	35 
3350	1 
3351	45 
3352	56 
3353	1 
3354	94 
3355	63 
3356	60 
3357	17 
3358	53 
3359	22 
3360	15 
3361	104 
3362	76 
3363	45 
3364	40 
3365	9 
3366	11 
3367	74 
3368	38 
3369	80 
3370	36 
3371	84 
3372	7 
3373	14 
3374	34 
3375	104 
3376	14 
3377	56 
3378	85 
3379	28 
3380	63 
3381	28 
3382	45 
3383	12 
3384	13 
3385	42 
3386	72 
3387	84 
3388	78 
3389	19 
3390	51 
3391	71 
3392	46 
3393	98 
3394	15 
3395	11 
3396	36 
3397	33 
3398	66 
3399	1 
3400	58 
3401	97 
3402	51 
3403	79 
3404	79 
3405	23 
3406	85 
3407	98 
3408	19 
3409	49 
3410	103 
3411	2 
3412	22 
3413	68 
3414	39 
3415	45 
3416	45 
3417	34 
3418	31 
3419	13 
3420	68 
3421	80 
3422	15 
3423	56 
3424	102 
3425	69 
3426	21 
3427	78 
3428	86 
3429	55 
3430	50 
3431	82 
3432	85 
3433	32 
3434	82 
3435	21 
3436	29 
3437	58 
3438	56 
3439	35 
3440	80 
3441	26 
3442	10 
3443	43 
3444	10 
3445	16 
3446	64 
3447	65 
3448	77 
3449	83 
3450	92 
3451	77 
3452	100 
3453	68 
3454	6 
3455	84 
3456	75 
3457	7 
3458	27 
3459	20 
3460	64 
3461	74 
3462	98 
3463	41 
3464	90 
3465	5 
3466	1 
3467	48 
3468	61 
3469	13 
3470	19 
3471	44 
3472	25 
3473	33 
3474	63 
3475	82 
3476	69 
3477	84 
3478	66 
3479	45 
3480	69 
3481	70 
3482	28 
3483	53 
3484	14 
3485	96 
3486	43 
3487	47 
3488	76 
3489	81 
3490	27 
3491	78 
3492	30 
3493	31 
3494	90 
3495	61 
3496	97 
3497	40 
3498	17 
3499	48 
3500	38 
3501	58 
3502	52 
3503	21 
3504	66 
3505	15 
3506	79 
3507	41 
3508	5 
3509	63 
3510	64 
3511	70 
3512	28 
3513	49 
3514	20 
3515	84 
3516	67 
3517	99 
3518	7 
3519	71 
3520	91 
3521	102 
3522	66 
3523	95 
3524	34 
3525	56 
3526	9 
3527	82 
3528	90 
3529	80 
3530	1 
3531	86 
3532	89 
3533	6 
3534	35 
3535	70 
3536	55 
3537	69 
3538	14 
3539	90 
3540	102 
3541	68 
3542	55 
3543	21 
3544	35 
3545	60 
3546	78 
3547	46 
3548	14 
3549	100 
3550	35 
3551	54 
3552	8 
3553	18 
3554	71 
3555	59 
3556	53 
3557	14 
3558	49 
3559	41 
3560	90 
3561	90 
3562	59 
3563	38 
3564	25 
3565	29 
3566	63 
3567	30 
3568	20 
3569	78 
3570	80 
3571	39 
3572	55 
3573	52 
3574	83 
3575	55 
3576	71 
3577	86 
3578	48 
3579	83 
3580	61 
3581	37 
3582	19 
3583	44 
3584	21 
3585	45 
3586	85 
3587	15 
3588	12 
3589	82 
3590	30 
3591	13 
3592	83 
3593	7 
3594	16 
3595	9 
3596	41 
3597	1 
3598	24 
3599	45 
3600	31 
3601	86 
3602	67 
3603	61 
3604	17 
3605	54 
3606	83 
3607	36 
3608	30 
3609	33 
3610	55 
3611	78 
3612	48 
3613	36 
3614	80 
3615	19 
3616	14 
3617	92 
3618	10 
3619	3 
3620	17 
3621	15 
3622	14 
3623	1 
3624	30 
3625	11 
3626	5 
3627	89 
3628	46 
3629	18 
3630	50 
3631	46 
3632	49 
3633	71 
3634	56 
3635	7 
3636	12 
3637	46 
3638	91 
3639	58 
3640	70 
3641	55 
3642	11 
3643	80 
3644	99 
3645	104 
3646	66 
3647	2 
3648	30 
3649	90 
3650	4 
3651	53 
3652	23 
3653	80 
3654	21 
3655	57 
3656	71 
3657	57 
3658	95 
3659	60 
3660	61 
3661	74 
3662	57 
3663	67 
3664	16 
3665	58 
3666	78 
3667	21 
3668	64 
3669	23 
3670	67 
3671	30 
3672	84 
3673	45 
3674	49 
3675	45 
3676	54 
3677	59 
3678	95 
3679	72 
3680	33 
3681	88 
3682	75 
3683	68 
3684	70 
3685	66 
3686	43 
3687	34 
3688	73 
3689	28 
3690	79 
3691	95 
3692	24 
3693	72 
3694	6 
3695	58 
3696	17 
3697	14 
3698	59 
3699	56 
3700	96 
3701	91 
3702	90 
3703	64 
3704	37 
3705	56 
3706	78 
3707	45 
3708	46 
3709	34 
3710	19 
3711	19 
3712	49 
3713	58 
3714	8 
3715	75 
3716	34 
3717	89 
3718	17 
3719	98 
3720	50 
3721	33 
3722	2 
3723	53 
3724	63 
3725	26 
3726	95 
3727	43 
3728	15 
3729	85 
3730	64 
3731	14 
3732	69 
3733	74 
3734	15 
3735	15 
3736	37 
3737	41 
3738	55 
3739	70 
3740	47 
3741	55 
3742	103 
3743	70 
3744	84 
3745	30 
3746	14 
3747	57 
3748	28 
3749	34 
3750	2 
3751	44 
3752	102 
3753	35 
3754	17 
3755	55 
3756	49 
3757	6 
3758	47 
3759	76 
3760	55 
3761	69 
3762	102 
3763	94 
3764	43 
3765	24 
3766	74 
3767	104 
3768	5 
3769	34 
3770	18 
3771	77 
3772	71 
3773	71 
3774	104 
3775	3 
3776	50 
3777	39 
3778	10 
3779	25 
3780	46 
3781	102 
3782	11 
3783	59 
3784	61 
3785	94 
3786	85 
3787	31 
3788	25 
3789	101 
3790	16 
3791	37 
3792	77 
3793	19 
3794	92 
3795	69 
3796	71 
3797	79 
3798	2 
3799	84 
3800	17 
3801	24 
3802	64 
3803	92 
3804	17 
3805	21 
3806	18 
3807	69 
3808	43 
3809	104 
3810	18 
3811	78 
3812	6 
3813	31 
3814	29 
3815	61 
3816	14 
3817	92 
3818	4 
3819	76 
3820	45 
3821	72 
3822	80 
3823	19 
3824	14 
3825	74 
3826	73 
3827	85 
3828	13 
3829	45 
3830	21 
3831	43 
3832	85 
3833	4 
3834	55 
3835	28 
3836	5 
3837	34 
3838	38 
3839	92 
3840	92 
3841	21 
3842	41 
3843	100 
3844	54 
3845	103 
3846	30 
3847	46 
3848	76 
3849	44 
3850	71 
3851	51 
3852	49 
3853	69 
3854	30 
3855	57 
3856	3 
3857	41 
3858	93 
3859	29 
3860	80 
3861	28 
3862	98 
3863	56 
3864	88 
3865	71 
3866	64 
3867	39 
3868	72 
3869	91 
3870	41 
3871	41 
3872	75 
3873	16 
3874	32 
3875	49 
3876	76 
3877	49 
3878	9 
3879	34 
3880	7 
3881	44 
3882	72 
3883	85 
3884	88 
3885	85 
3886	14 
3887	55 
3888	1 
3889	23 
3890	43 
3891	89 
3892	44 
3893	17 
3894	41 
3895	23 
3896	87 
3897	32 
3898	49 
3899	80 
3900	95 
3901	58 
3902	77 
3903	28 
3904	30 
3905	50 
3906	21 
3907	22 
3908	85 
3909	69 
3910	6 
3911	52 
3912	60 
3913	38 
3914	76 
3915	3 
3916	102 
3917	70 
3918	31 
3919	18 
3920	45 
3921	67 
3922	42 
3923	55 
3924	5 
3925	16 
3926	83 
3927	46 
3928	86 
3929	56 
3930	2 
3931	34 
3932	84 
3933	34 
3934	29 
3935	80 
3936	1 
3937	57 
3938	62 
3939	62 
3940	77 
3941	79 
3942	67 
3943	53 
3944	89 
3945	55 
3946	39 
3947	41 
3948	56 
3949	89 
3950	102 
3951	27 
3952	88 
3953	57 
3954	19 
3955	19 
3956	89 
3957	34 
3958	7 
3959	18 
3960	46 
3961	14 
3962	14 
3963	88 
3964	64 
3965	67 
3966	46 
3967	16 
3968	13 
3969	45 
3970	50 
3971	9 
3972	96 
3973	60 
3974	50 
3975	62 
3976	49 
3977	104 
3978	90 
3979	38 
3980	85 
3981	87 
3982	16 
3983	64 
3984	70 
3985	75 
3986	14 
3987	83 
3988	76 
3989	97 
3990	69 
3991	64 
3992	1 
3993	104 
3994	17 
3995	84 
3996	90 
3997	37 
3998	89 
3999	85 
4000	72 
4001	90 
4002	102 
4003	21 
4004	49 
4005	36 
4006	47 
4007	2 
4008	83 
4009	4 
4010	69 
4011	15 
4012	21 
4013	93 
4014	96 
4015	49 
4016	53 
4017	54 
4018	49 
4019	2 
4020	7 
4021	41 
4022	95 
4023	17 
4024	58 
4025	71 
4026	88 
4027	53 
4028	45 
4029	59 
4030	90 
4031	55 
4032	34 
4033	15 
4034	57 
4035	79 
4036	55 
4037	103 
4038	69 
4039	49 
4040	13 
4041	51 
4042	7 
4043	75 
4044	1 
4045	96 
4046	48 
4047	89 
4048	13 
4049	74 
4050	13 
4051	11 
4052	91 
4053	52 
4054	39 
4055	59 
4056	91 
4057	80 
4058	53 
4059	62 
4060	69 
4061	60 
4062	38 
4063	46 
4064	80 
4065	64 
4066	84 
4067	78 
4068	36 
4069	17 
4070	86 
4071	53 
4072	54 
4073	74 
4074	32 
4075	85 
4076	13 
4077	92 
4078	73 
4079	103 
4080	18 
4081	47 
4082	38 
4083	91 
4084	84 
4085	72 
4086	23 
4087	13 
4088	33 
4089	71 
4090	88 
4091	66 
4092	28 
4093	41 
4094	46 
4095	19 
4096	103 
4097	80 
4098	102 
4099	44 
4100	41 
4101	16 
4102	45 
4103	57 
4104	80 
4105	58 
4106	45 
4107	61 
4108	104 
4109	98 
4110	53 
4111	57 
4112	43 
4113	9 
4114	101 
4115	81 
4116	57 
4117	98 
4118	80 
4119	49 
4120	39 
4121	39 
4122	83 
4123	17 
4124	83 
4125	10 
4126	15 
4127	58 
4128	19 
4129	21 
4130	12 
4131	34 
4132	51 
4133	74 
4134	49 
4135	103 
4136	104 
4137	84 
4138	13 
4139	72 
4140	57 
4141	75 
4142	64 
4143	80 
4144	8 
4145	21 
4146	9 
4147	30 
4148	89 
4149	55 
4150	10 
4151	15 
4152	5 
4153	81 
4154	56 
4155	84 
4156	85 
4157	97 
4158	56 
4159	93 
4160	101 
4161	78 
4162	56 
4163	15 
4164	63 
4165	18 
4166	46 
4167	18 
4168	72 
4169	22 
4170	87 
4171	103 
4172	53 
4173	66 
4174	63 
4175	83 
4176	14 
4177	97 
4178	74 
4179	37 
4180	38 
4181	103 
4182	83 
4183	102 
4184	66 
4185	26 
4186	7 
4187	5 
4188	82 
4189	31 
4190	72 
4191	87 
4192	55 
4193	79 
4194	87 
4195	80 
4196	87 
4197	32 
4198	74 
4199	14 
4200	17 
4201	31 
4202	95 
4203	61 
4204	41 
4205	82 
4206	90 
4207	43 
4208	68 
4209	87 
4210	50 
4211	13 
4212	56 
4213	4 
4214	15 
4215	50 
4216	87 
4217	56 
4218	14 
4219	61 
4220	44 
4221	95 
4222	98 
4223	80 
4224	16 
4225	60 
4226	28 
4227	45 
4228	64 
4229	93 
4230	88 
4231	83 
4232	38 
4233	17 
4234	56 
4235	13 
4236	21 
4237	28 
4238	41 
4239	34 
4240	54 
4241	30 
4242	81 
4243	3 
4244	32 
4245	67 
4246	17 
4247	63 
4248	98 
4249	88 
4250	17 
4251	102 
4252	17 
4253	61 
4254	23 
4255	15 
4256	49 
4257	32 
4258	46 
4259	88 
4260	45 
4261	84 
4262	85 
4263	17 
4264	49 
4265	8 
4266	33 
4267	101 
4268	104 
4269	45 
4270	102 
4271	8 
4272	23 
4273	64 
4274	37 
4275	68 
4276	31 
4277	32 
4278	66 
4279	67 
4280	21 
4281	13 
4282	90 
4283	74 
4284	39 
4285	41 
4286	34 
4287	46 
4288	45 
4289	34 
4290	47 
4291	56 
4292	51 
4293	44 
4294	38 
4295	59 
4296	30 
4297	52 
4298	85 
4299	14 
4300	103 
4301	21 
4302	64 
4303	14 
4304	28 
4305	17 
4306	17 
4307	104 
4308	47 
4309	67 
4310	102 
4311	16 
4312	39 
4313	93 
4314	84 
4315	71 
4316	28 
4317	59 
4318	55 
4319	91 
4320	30 
4321	55 
4322	104 
4323	46 
4324	98 
4325	103 
4326	89 
4327	88 
4328	34 
4329	4 
4330	32 
4331	82 
4332	7 
4333	13 
4334	50 
4335	38 
4336	81 
4337	62 
4338	84 
4339	102 
4340	5 
4341	38 
4342	101 
4343	6 
4344	88 
4345	64 
4346	98 
4347	15 
4348	98 
4349	72 
4350	57 
4351	4 
4352	64 
4353	38 
4354	88 
4355	89 
4356	18 
4357	28 
4358	45 
4359	97 
4360	51 
4361	71 
4362	34 
4363	45 
4364	47 
4365	53 
4366	64 
4367	45 
4368	11 
4369	56 
4370	68 
4371	60 
4372	61 
4373	33 
4374	39 
4375	41 
4376	62 
4377	44 
4378	92 
4379	51 
4380	57 
4381	28 
4382	84 
4383	38 
4384	71 
4385	30 
4386	31 
4387	90 
4388	4 
4389	38 
4390	45 
4391	39 
4392	16 
4393	85 
4394	53 
4395	84 
4396	38 
4397	62 
4398	90 
4399	53 
4400	53 
4401	8 
4402	76 
4403	53 
4404	49 
4405	32 
4406	81 
4407	50 
4408	31 
4409	19 
4410	98 
4411	28 
4412	89 
4413	2 
4414	17 
4415	48 
4416	45 
4417	76 
4418	21 
4419	55 
4420	11 
4421	101 
4422	104 
4423	92 
4424	30 
4425	49 
4426	30 
4427	85 
4428	17 
4429	98 
4430	61 
4431	45 
4432	61 
4433	45 
4434	53 
4435	45 
4436	56 
4437	3 
4438	85 
4439	46 
4440	83 
4441	76 
4442	59 
4443	30 
4444	5 
4445	85 
4446	82 
4447	74 
4448	61 
4449	69 
4450	2 
4451	66 
4452	7 
4453	15 
4454	53 
4455	102 
4456	66 
4457	45 
4458	57 
4459	23 
4460	80 
4461	80 
4462	15 
4463	89 
4464	71 
4465	56 
4466	60 
4467	59 
4468	78 
4469	43 
4470	14 
4471	82 
4472	19 
4473	8 
4474	60 
4475	37 
4476	18 
4477	3 
4478	53 
4479	38 
4480	41 
4481	46 
4482	85 
4483	53 
4484	15 
4485	14 
4486	28 
4487	41 
4488	3 
4489	17 
4490	56 
4491	30 
4492	6 
4493	33 
4494	85 
4495	95 
4496	71 
4497	92 
4498	51 
4499	34 
4500	30 
4501	93 
4502	34 
4503	14 
4504	90 
4505	11 
4506	30 
4507	80 
4508	8 
4509	88 
4510	17 
4511	15 
4512	71 
4513	17 
4514	82 
4515	81 
4516	16 
4517	4 
4518	34 
4519	9 
4520	83 
4521	59 
4522	102 
4523	75 
4524	57 
4525	46 
4526	98 
4527	67 
4528	75 
4529	13 
4530	52 
4531	34 
4532	72 
4533	75 
4534	38 
4535	14 
4536	69 
4537	34 
4538	56 
4539	61 
4540	102 
4541	91 
4542	49 
4543	72 
4544	53 
4545	31 
4546	51 
4547	97 
4548	16 
4549	61 
4550	16 
4551	93 
4552	38 
4553	43 
4554	67 
4555	33 
4556	56 
4557	14 
4558	15 
4559	101 
4560	45 
4561	35 
4562	18 
4563	28 
4564	56 
4565	50 
4566	84 
4567	58 
4568	61 
4569	46 
4570	80 
4571	90 
4572	67 
4573	102 
4574	85 
4575	45 
4576	45 
4577	16 
4578	81 
4579	89 
4580	80 
4581	41 
4582	91 
4583	8 
4584	41 
4585	21 
4586	89 
4587	19 
4588	21 
4589	15 
4590	81 
4591	6 
4592	72 
4593	16 
4594	41 
4595	85 
4596	93 
4597	60 
4598	8 
4599	21 
4600	21 
4601	63 
4602	74 
4603	47 
4604	102 
4605	13 
4606	30 
4607	55 
4608	53 
4609	16 
4610	98 
4611	58 
4612	88 
4613	2 
4614	11 
4615	31 
4616	2 
4617	44 
4618	31 
4619	56 
4620	57 
4621	104 
4622	90 
4623	79 
4624	82 
4625	55 
4626	49 
4627	2 
4628	67 
4629	74 
4630	55 
4631	98 
4632	80 
4633	5 
4634	43 
4635	21 
4636	66 
4637	63 
4638	46 
4639	59 
4640	90 
4641	16 
4642	89 
4643	97 
4644	71 
4645	19 
4646	56 
4647	2 
4648	84 
4649	15 
4650	103 
4651	8 
4652	7 
4653	11 
4654	85 
4655	60 
4656	80 
4657	18 
4658	21 
4659	83 
4660	7 
4661	58 
4662	47 
4663	19 
4664	52 
4665	53 
4666	35 
4667	102 
4668	72 
4669	17 
4670	14 
4671	46 
4672	34 
4673	57 
4674	81 
4675	38 
4676	16 
4677	31 
4678	14 
4679	56 
4680	21 
4681	80 
4682	34 
4683	82 
4684	75 
4685	88 
4686	8 
4687	80 
4688	66 
4689	53 
4690	85 
4691	32 
4692	75 
4693	53 
4694	16 
4695	89 
4696	98 
4697	58 
4698	92 
4699	102 
4700	82 
4701	38 
4702	83 
4703	11 
4704	63 
4705	18 
4706	11 
4707	78 
4708	60 
4709	28 
4710	17 
4711	21 
4712	82 
4713	11 
4714	3 
4715	88 
4716	19 
4717	82 
4718	60 
4719	21 
4720	11 
4721	63 
4722	43 
4723	45 
4724	78 
4725	89 
4726	58 
4727	41 
4728	51 
4729	43 
4730	60 
4731	35 
4732	47 
4733	84 
4734	31 
4735	5 
4736	5 
4737	89 
4738	75 
4739	61 
4740	50 
4741	60 
4742	15 
4743	61 
4744	72 
4745	14 
4746	53 
4747	8 
4748	15 
4749	82 
4750	75 
4751	43 
4752	76 
4753	34 
4754	104 
4755	84 
4756	34 
4757	84 
4758	32 
4759	90 
4760	5 
4761	89 
4762	88 
4763	76 
4764	14 
4765	60 
4766	16 
4767	82 
4768	34 
4769	38 
4770	79 
4771	61 
4772	90 
4773	50 
4774	41 
4775	45 
4776	84 
4777	15 
4778	58 
4779	30 
4780	102 
4781	13 
4782	103 
4783	44 
4784	60 
4785	18 
4786	85 
4787	66 
4788	92 
4789	76 
4790	88 
4791	21 
4792	69 
4793	15 
4794	21 
4795	64 
4796	6 
4797	63 
4798	53 
4799	98 
4800	75 
4801	75 
4802	46 
4803	58 
4804	17 
4805	80 
4806	38 
4807	69 
4808	38 
4809	32 
4810	45 
4811	64 
4812	59 
4813	11 
4814	44 
4815	5 
4816	14 
4817	81 
4818	58 
4819	83 
4820	16 
4821	85 
4822	41 
4823	14 
4824	31 
4825	103 
4826	30 
4827	84 
4828	103 
4829	74 
4830	88 
4831	85 
4832	51 
4833	45 
4834	38 
4835	85 
4836	80 
4837	21 
4838	34 
4839	88 
4840	74 
4841	56 
4842	46 
4843	45 
4844	104 
4845	80 
4846	43 
4847	16 
4848	30 
4849	18 
4850	55 
4851	84 
4852	38 
4853	2 
4854	88 
4855	64 
4856	84 
4857	61 
4858	33 
4859	49 
4860	85 
4861	102 
4862	81 
4863	85 
4864	11 
4865	49 
4866	64 
4867	84 
4868	52 
4869	44 
4870	55 
4871	30 
4872	55 
4873	102 
4874	34 
4875	38 
4876	18 
4877	2 
4878	103 
4879	101 
4880	13 
4881	71 
4882	49 
4883	60 
4884	74 
4885	5 
4886	18 
4887	34 
4888	28 
4889	38 
4890	66 
4891	83 
4892	59 
4893	57 
4894	15 
4895	15 
4896	64 
4897	44 
4898	55 
4899	38 
4900	45 
4901	82 
4902	66 
4903	21 
4904	19 
4905	59 
4906	61 
4907	56 
4908	82 
4909	61 
4910	15 
4911	28 
4912	28 
4913	15 
4914	15 
4915	14 
4916	76 
4917	72 
4918	21 
4919	2 
4920	58 
4921	63 
4922	41 
4923	13 
4924	2 
4925	30 
4926	16 
4927	45 
4928	15 
4929	15 
4930	14 
4931	75 
4932	83 
4933	71 
4934	104 
4935	82 
4936	58 
4937	79 
4938	63 
4939	104 
4940	32 
4941	71 
4942	30 
4943	32 
4944	92 
4945	18 
4946	56 
4947	2 
4948	71 
4949	13 
4950	6 
4951	43 
4952	55 
4953	75 
4954	69 
4955	58 
4956	72 
4957	80 
4958	13 
4959	75 
4960	6 
4961	89 
4962	38 
4963	21 
4964	55 
4965	31 
4966	50 
4967	44 
4968	63 
4969	69 
4970	71 
4971	90 
4972	58 
4973	41 
4974	50 
4975	90 
4976	46 
4977	58 
4978	19 
4979	63 
4980	80 
4981	103 
4982	45 
4983	71 
4984	84 
4985	11 
4986	13 
4987	85 
4988	19 
4989	76 
4990	57 
4991	45 
4992	13 
4993	31 
4994	74 
4995	103 
4996	6 
4997	85 
4998	58 
4999	50 
5000	69 
