1	84 
2	128 
3	23 
4	196 
5	147 
6	200 
7	131 
8	102 
9	3 
10	43 
11	51 
12	27 
13	60 
14	165 
15	154 
16	117 
17	2 
18	118 
19	43 
20	18 
21	157 
22	160 
23	193 
24	155 
25	8 
26	36 
27	198 
28	113 
29	96 
30	140 
31	168 
32	116 
33	75 
34	147 
35	94 
36	188 
37	191 
38	123 
39	66 
40	37 
41	206 
42	152 
43	175 
44	66 
45	201 
46	104 
47	101 
48	162 
49	21 
50	35 
51	191 
52	129 
53	129 
54	20 
55	80 
56	40 
57	51 
58	133 
59	105 
60	107 
61	92 
62	201 
63	47 
64	155 
65	95 
66	68 
67	151 
68	51 
69	163 
70	147 
71	7 
72	79 
73	10 
74	128 
75	72 
76	107 
77	144 
78	105 
79	25 
80	93 
81	104 
82	101 
83	180 
84	62 
85	26 
86	178 
87	32 
88	174 
89	180 
90	25 
91	22 
92	111 
93	57 
94	185 
95	80 
96	183 
97	110 
98	60 
99	119 
100	10 
101	182 
102	100 
103	71 
104	129 
105	37 
106	63 
107	47 
108	121 
109	86 
110	137 
111	65 
112	50 
113	59 
114	123 
115	61 
116	107 
117	146 
118	100 
119	114 
120	98 
121	139 
122	65 
123	148 
124	73 
125	127 
126	198 
127	175 
128	137 
129	154 
130	109 
131	175 
132	28 
133	133 
134	204 
135	31 
136	48 
137	68 
138	30 
139	49 
140	152 
141	44 
142	135 
143	42 
144	79 
145	21 
146	86 
147	146 
148	163 
149	111 
150	18 
151	204 
152	14 
153	172 
154	63 
155	167 
156	60 
157	173 
158	2 
159	7 
160	40 
161	130 
162	116 
163	98 
164	26 
165	8 
166	168 
167	119 
168	55 
169	5 
170	195 
171	77 
172	140 
173	3 
174	165 
175	194 
176	85 
177	86 
178	19 
179	75 
180	167 
181	29 
182	105 
183	158 
184	194 
185	137 
186	135 
187	68 
188	29 
189	182 
190	45 
191	20 
192	193 
193	7 
194	134 
195	109 
196	98 
197	57 
198	97 
199	142 
200	119 
201	143 
202	36 
203	139 
204	59 
205	145 
206	69 
207	6 
208	99 
209	83 
210	101 
211	70 
212	23 
213	170 
214	31 
215	75 
216	199 
217	106 
218	58 
219	142 
220	49 
221	84 
222	101 
223	116 
224	22 
225	131 
226	75 
227	107 
228	206 
229	12 
230	183 
231	188 
232	201 
233	185 
234	91 
235	136 
236	38 
237	36 
238	132 
239	146 
240	195 
241	18 
242	138 
243	55 
244	40 
245	129 
246	185 
247	6 
248	112 
249	79 
250	61 
251	74 
252	53 
253	23 
254	60 
255	38 
256	28 
257	149 
258	172 
259	21 
260	169 
261	33 
262	110 
263	106 
264	17 
265	140 
266	74 
267	105 
268	184 
269	17 
270	4 
271	40 
272	48 
273	30 
274	60 
275	196 
276	27 
277	10 
278	1 
279	29 
280	152 
281	183 
282	40 
283	6 
284	46 
285	60 
286	16 
287	17 
288	107 
289	92 
290	128 
291	200 
292	89 
293	165 
294	30 
295	135 
296	22 
297	123 
298	40 
299	94 
300	155 
301	100 
302	66 
303	92 
304	79 
305	94 
306	93 
307	106 
308	98 
309	152 
310	83 
311	131 
312	92 
313	195 
314	114 
315	163 
316	94 
317	135 
318	123 
319	43 
320	188 
321	205 
322	112 
323	103 
324	170 
325	171 
326	175 
327	199 
328	133 
329	74 
330	155 
331	7 
332	102 
333	26 
334	166 
335	56 
336	178 
337	180 
338	37 
339	86 
340	118 
341	51 
342	8 
343	113 
344	90 
345	72 
346	85 
347	138 
348	204 
349	56 
350	28 
351	122 
352	27 
353	143 
354	55 
355	175 
356	16 
357	138 
358	67 
359	106 
360	197 
361	42 
362	153 
363	191 
364	179 
365	118 
366	147 
367	121 
368	50 
369	86 
370	134 
371	87 
372	140 
373	29 
374	111 
375	142 
376	155 
377	149 
378	52 
379	20 
380	7 
381	79 
382	3 
383	98 
384	46 
385	99 
386	184 
387	21 
388	24 
389	5 
390	179 
391	76 
392	77 
393	108 
394	65 
395	130 
396	173 
397	79 
398	120 
399	206 
400	27 
401	187 
402	31 
403	167 
404	145 
405	179 
406	85 
407	90 
408	23 
409	54 
410	154 
411	136 
412	121 
413	69 
414	10 
415	100 
416	15 
417	172 
418	144 
419	36 
420	44 
421	150 
422	185 
423	8 
424	154 
425	97 
426	199 
427	173 
428	153 
429	122 
430	51 
431	189 
432	6 
433	19 
434	153 
435	34 
436	93 
437	200 
438	109 
439	34 
440	86 
441	180 
442	79 
443	60 
444	25 
445	113 
446	195 
447	15 
448	183 
449	168 
450	145 
451	30 
452	53 
453	153 
454	149 
455	194 
456	164 
457	156 
458	24 
459	82 
460	24 
461	32 
462	100 
463	87 
464	74 
465	2 
466	172 
467	154 
468	113 
469	25 
470	194 
471	161 
472	197 
473	43 
474	119 
475	69 
476	116 
477	5 
478	193 
479	95 
480	121 
481	187 
482	40 
483	137 
484	37 
485	17 
486	2 
487	27 
488	87 
489	200 
490	64 
491	57 
492	135 
493	46 
494	167 
495	55 
496	92 
497	113 
498	45 
499	115 
500	165 
501	158 
502	183 
503	14 
504	17 
505	77 
506	166 
507	14 
508	189 
509	95 
510	45 
511	119 
512	84 
513	10 
514	136 
515	67 
516	195 
517	191 
518	12 
519	4 
520	6 
521	151 
522	97 
523	188 
524	25 
525	37 
526	150 
527	123 
528	164 
529	71 
530	143 
531	54 
532	110 
533	118 
534	32 
535	19 
536	118 
537	119 
538	9 
539	185 
540	168 
541	58 
542	29 
543	190 
544	126 
545	70 
546	49 
547	57 
548	165 
549	202 
550	111 
551	169 
552	86 
553	53 
554	104 
555	57 
556	95 
557	101 
558	202 
559	90 
560	125 
561	92 
562	161 
563	53 
564	87 
565	65 
566	188 
567	156 
568	153 
569	199 
570	134 
571	171 
572	158 
573	173 
574	38 
575	75 
576	57 
577	33 
578	24 
579	99 
580	11 
581	25 
582	144 
583	131 
584	22 
585	10 
586	191 
587	134 
588	42 
589	111 
590	137 
591	79 
592	48 
593	167 
594	156 
595	88 
596	187 
597	49 
598	84 
599	94 
600	167 
601	96 
602	42 
603	25 
604	150 
605	30 
606	162 
607	13 
608	9 
609	67 
610	131 
611	168 
612	42 
613	165 
614	177 
615	122 
616	55 
617	201 
618	140 
619	46 
620	46 
621	206 
622	146 
623	38 
624	90 
625	56 
626	43 
627	109 
628	12 
629	60 
630	169 
631	117 
632	80 
633	132 
634	61 
635	103 
636	111 
637	121 
638	128 
639	183 
640	199 
641	86 
642	13 
643	60 
644	171 
645	99 
646	91 
647	2 
648	16 
649	108 
650	43 
651	198 
652	160 
653	83 
654	12 
655	132 
656	145 
657	183 
658	54 
659	190 
660	193 
661	118 
662	62 
663	121 
664	166 
665	118 
666	107 
667	54 
668	128 
669	167 
670	66 
671	88 
672	112 
673	143 
674	99 
675	151 
676	169 
677	79 
678	53 
679	156 
680	173 
681	96 
682	45 
683	57 
684	190 
685	158 
686	132 
687	99 
688	39 
689	73 
690	169 
691	60 
692	139 
693	176 
694	99 
695	78 
696	65 
697	25 
698	145 
699	177 
700	184 
701	193 
702	90 
703	194 
704	20 
705	14 
706	170 
707	78 
708	44 
709	123 
710	90 
711	88 
712	48 
713	147 
714	53 
715	91 
716	27 
717	29 
718	73 
719	24 
720	126 
721	141 
722	45 
723	103 
724	159 
725	36 
726	180 
727	142 
728	99 
729	105 
730	113 
731	93 
732	130 
733	38 
734	76 
735	30 
736	53 
737	24 
738	109 
739	67 
740	136 
741	161 
742	80 
743	139 
744	122 
745	23 
746	59 
747	47 
748	41 
749	1 
750	71 
751	162 
752	4 
753	126 
754	28 
755	94 
756	120 
757	74 
758	184 
759	76 
760	179 
761	142 
762	175 
763	80 
764	104 
765	174 
766	16 
767	181 
768	60 
769	120 
770	65 
771	49 
772	156 
773	113 
774	135 
775	39 
776	143 
777	128 
778	44 
779	74 
780	76 
781	63 
782	55 
783	73 
784	4 
785	111 
786	174 
787	110 
788	174 
789	94 
790	137 
791	191 
792	152 
793	199 
794	54 
795	173 
796	33 
797	75 
798	39 
799	187 
800	172 
801	12 
802	40 
803	26 
804	122 
805	7 
806	94 
807	115 
808	99 
809	34 
810	188 
811	18 
812	129 
813	202 
814	24 
815	1 
816	129 
817	110 
818	176 
819	29 
820	122 
821	4 
822	178 
823	66 
824	95 
825	140 
826	86 
827	157 
828	33 
829	170 
830	57 
831	5 
832	173 
833	5 
834	201 
835	158 
836	76 
837	167 
838	153 
839	39 
840	70 
841	203 
842	105 
843	115 
844	8 
845	30 
846	82 
847	178 
848	176 
849	106 
850	118 
851	98 
852	139 
853	127 
854	15 
855	45 
856	96 
857	125 
858	47 
859	154 
860	144 
861	50 
862	190 
863	108 
864	137 
865	31 
866	111 
867	29 
868	20 
869	187 
870	96 
871	198 
872	148 
873	118 
874	172 
875	89 
876	106 
877	128 
878	80 
879	78 
880	127 
881	170 
882	152 
883	77 
884	53 
885	204 
886	27 
887	136 
888	21 
889	112 
890	126 
891	39 
892	194 
893	192 
894	104 
895	49 
896	68 
897	27 
898	153 
899	206 
900	96 
901	118 
902	100 
903	178 
904	199 
905	71 
906	69 
907	148 
908	123 
909	171 
910	25 
911	173 
912	7 
913	35 
914	203 
915	101 
916	67 
917	65 
918	203 
919	16 
920	128 
921	177 
922	74 
923	4 
924	7 
925	68 
926	36 
927	139 
928	53 
929	146 
930	10 
931	97 
932	2 
933	94 
934	127 
935	201 
936	28 
937	9 
938	150 
939	172 
940	15 
941	98 
942	115 
943	159 
944	158 
945	69 
946	102 
947	108 
948	154 
949	126 
950	176 
951	116 
952	92 
953	3 
954	137 
955	176 
956	200 
957	126 
958	88 
959	38 
960	54 
961	1 
962	125 
963	73 
964	34 
965	107 
966	52 
967	139 
968	194 
969	160 
970	10 
971	11 
972	100 
973	198 
974	99 
975	62 
976	148 
977	130 
978	190 
979	160 
980	161 
981	139 
982	24 
983	77 
984	117 
985	88 
986	183 
987	77 
988	185 
989	68 
990	205 
991	82 
992	200 
993	156 
994	81 
995	138 
996	136 
997	196 
998	82 
999	97 
1000	162 
1001	89 
1002	113 
1003	137 
1004	128 
1005	34 
1006	50 
1007	89 
1008	97 
1009	161 
1010	193 
1011	88 
1012	29 
1013	65 
1014	187 
1015	22 
1016	24 
1017	100 
1018	121 
1019	174 
1020	110 
1021	71 
1022	98 
1023	116 
1024	70 
1025	103 
1026	80 
1027	178 
1028	186 
1029	140 
1030	85 
1031	107 
1032	22 
1033	100 
1034	78 
1035	13 
1036	112 
1037	11 
1038	84 
1039	83 
1040	9 
1041	64 
1042	181 
1043	91 
1044	185 
1045	143 
1046	143 
1047	153 
1048	48 
1049	150 
1050	101 
1051	142 
1052	85 
1053	66 
1054	166 
1055	49 
1056	102 
1057	164 
1058	196 
1059	155 
1060	170 
1061	188 
1062	189 
1063	145 
1064	126 
1065	10 
1066	111 
1067	34 
1068	170 
1069	111 
1070	179 
1071	87 
1072	150 
1073	178 
1074	40 
1075	20 
1076	15 
1077	149 
1078	161 
1079	200 
1080	40 
1081	98 
1082	194 
1083	84 
1084	147 
1085	3 
1086	203 
1087	164 
1088	50 
1089	1 
1090	62 
1091	95 
1092	20 
1093	43 
1094	67 
1095	104 
1096	149 
1097	50 
1098	73 
1099	174 
1100	196 
1101	128 
1102	42 
1103	27 
1104	34 
1105	70 
1106	171 
1107	41 
1108	148 
1109	185 
1110	115 
1111	188 
1112	81 
1113	165 
1114	85 
1115	125 
1116	35 
1117	148 
1118	195 
1119	42 
1120	129 
1121	123 
1122	159 
1123	129 
1124	27 
1125	58 
1126	191 
1127	162 
1128	88 
1129	5 
1130	109 
1131	175 
1132	203 
1133	142 
1134	3 
1135	182 
1136	96 
1137	127 
1138	131 
1139	108 
1140	149 
1141	106 
1142	37 
1143	26 
1144	65 
1145	77 
1146	18 
1147	153 
1148	120 
1149	15 
1150	37 
1151	180 
1152	62 
1153	107 
1154	15 
1155	127 
1156	80 
1157	47 
1158	42 
1159	192 
1160	165 
1161	92 
1162	22 
1163	90 
1164	205 
1165	15 
1166	67 
1167	118 
1168	146 
1169	58 
1170	79 
1171	152 
1172	73 
1173	194 
1174	26 
1175	11 
1176	32 
1177	95 
1178	86 
1179	177 
1180	167 
1181	103 
1182	46 
1183	193 
1184	171 
1185	171 
1186	95 
1187	193 
1188	118 
1189	191 
1190	140 
1191	192 
1192	20 
1193	11 
1194	176 
1195	100 
1196	51 
1197	103 
1198	143 
1199	74 
1200	154 
1201	98 
1202	72 
1203	171 
1204	198 
1205	9 
1206	23 
1207	65 
1208	59 
1209	162 
1210	142 
1211	52 
1212	63 
1213	194 
1214	120 
1215	13 
1216	135 
1217	19 
1218	32 
1219	71 
1220	31 
1221	77 
1222	188 
1223	190 
1224	184 
1225	153 
1226	147 
1227	31 
1228	21 
1229	25 
1230	124 
1231	49 
1232	29 
1233	109 
1234	10 
1235	60 
1236	36 
1237	24 
1238	181 
1239	198 
1240	57 
1241	188 
1242	195 
1243	114 
1244	120 
1245	130 
1246	121 
1247	36 
1248	82 
1249	20 
1250	132 
1251	103 
1252	89 
1253	124 
1254	6 
1255	199 
1256	71 
1257	42 
1258	167 
1259	71 
1260	48 
1261	175 
1262	164 
1263	172 
1264	157 
1265	14 
1266	12 
1267	144 
1268	114 
1269	145 
1270	95 
1271	102 
1272	36 
1273	144 
1274	44 
1275	90 
1276	170 
1277	126 
1278	202 
1279	60 
1280	93 
1281	140 
1282	117 
1283	166 
1284	135 
1285	125 
1286	98 
1287	63 
1288	94 
1289	12 
1290	101 
1291	154 
1292	9 
1293	66 
1294	108 
1295	183 
1296	192 
1297	5 
1298	184 
1299	28 
1300	19 
1301	177 
1302	69 
1303	64 
1304	162 
1305	39 
1306	122 
1307	65 
1308	70 
1309	14 
1310	140 
1311	1 
1312	48 
1313	8 
1314	187 
1315	140 
1316	5 
1317	142 
1318	16 
1319	146 
1320	113 
1321	48 
1322	51 
1323	105 
1324	18 
1325	36 
1326	7 
1327	58 
1328	204 
1329	191 
1330	61 
1331	39 
1332	39 
1333	133 
1334	166 
1335	175 
1336	156 
1337	58 
1338	151 
1339	96 
1340	60 
1341	137 
1342	55 
1343	139 
1344	44 
1345	78 
1346	186 
1347	158 
1348	13 
1349	155 
1350	41 
1351	75 
1352	193 
1353	174 
1354	62 
1355	173 
1356	109 
1357	159 
1358	163 
1359	201 
1360	104 
1361	129 
1362	147 
1363	206 
1364	124 
1365	131 
1366	78 
1367	156 
1368	185 
1369	113 
1370	89 
1371	117 
1372	115 
1373	39 
1374	93 
1375	75 
1376	164 
1377	72 
1378	89 
1379	91 
1380	62 
1381	155 
1382	55 
1383	23 
1384	148 
1385	19 
1386	189 
1387	175 
1388	146 
1389	120 
1390	55 
1391	105 
1392	30 
1393	175 
1394	181 
1395	64 
1396	91 
1397	2 
1398	58 
1399	50 
1400	51 
1401	89 
1402	158 
1403	184 
1404	177 
1405	135 
1406	193 
1407	5 
1408	198 
1409	187 
1410	198 
1411	37 
1412	61 
1413	112 
1414	87 
1415	26 
1416	58 
1417	171 
1418	132 
1419	149 
1420	96 
1421	190 
1422	160 
1423	86 
1424	133 
1425	87 
1426	57 
1427	139 
1428	131 
1429	123 
1430	31 
1431	114 
1432	76 
1433	197 
1434	31 
1435	43 
1436	53 
1437	163 
1438	67 
1439	56 
1440	114 
1441	105 
1442	134 
1443	185 
1444	179 
1445	14 
1446	73 
1447	108 
1448	204 
1449	149 
1450	71 
1451	85 
1452	169 
1453	164 
1454	114 
1455	187 
1456	37 
1457	116 
1458	184 
1459	197 
1460	8 
1461	197 
1462	71 
1463	119 
1464	67 
1465	196 
1466	163 
1467	11 
1468	203 
1469	84 
1470	51 
1471	152 
1472	161 
1473	105 
1474	125 
1475	143 
1476	193 
1477	31 
1478	198 
1479	30 
1480	8 
1481	45 
1482	37 
1483	158 
1484	4 
1485	108 
1486	1 
1487	49 
1488	110 
1489	56 
1490	1 
1491	42 
1492	164 
1493	47 
1494	130 
1495	14 
1496	35 
1497	35 
1498	1 
1499	74 
1500	139 
1501	106 
1502	84 
1503	64 
1504	122 
1505	14 
1506	81 
1507	96 
1508	150 
1509	198 
1510	145 
1511	166 
1512	177 
1513	45 
1514	5 
1515	31 
1516	92 
1517	162 
1518	37 
1519	31 
1520	50 
1521	52 
1522	85 
1523	4 
1524	189 
1525	46 
1526	84 
1527	124 
1528	204 
1529	167 
1530	175 
1531	107 
1532	134 
1533	118 
1534	70 
1535	23 
1536	69 
1537	127 
1538	2 
1539	54 
1540	20 
1541	115 
1542	89 
1543	107 
1544	166 
1545	22 
1546	182 
1547	189 
1548	167 
1549	190 
1550	184 
1551	86 
1552	76 
1553	202 
1554	54 
1555	109 
1556	85 
1557	124 
1558	121 
1559	174 
1560	38 
1561	196 
1562	26 
1563	46 
1564	83 
1565	44 
1566	190 
1567	90 
1568	56 
1569	179 
1570	10 
1571	91 
1572	77 
1573	93 
1574	88 
1575	184 
1576	67 
1577	4 
1578	178 
1579	116 
1580	95 
1581	145 
1582	152 
1583	138 
1584	134 
1585	31 
1586	105 
1587	200 
1588	152 
1589	7 
1590	141 
1591	149 
1592	20 
1593	13 
1594	163 
1595	118 
1596	191 
1597	97 
1598	49 
1599	129 
1600	157 
1601	132 
1602	147 
1603	129 
1604	178 
1605	165 
1606	108 
1607	143 
1608	57 
1609	108 
1610	172 
1611	135 
1612	129 
1613	174 
1614	161 
1615	68 
1616	174 
1617	181 
1618	192 
1619	95 
1620	205 
1621	8 
1622	69 
1623	110 
1624	55 
1625	201 
1626	9 
1627	122 
1628	54 
1629	170 
1630	134 
1631	120 
1632	66 
1633	169 
1634	206 
1635	105 
1636	12 
1637	36 
1638	91 
1639	154 
1640	21 
1641	189 
1642	185 
1643	171 
1644	60 
1645	71 
1646	22 
1647	106 
1648	22 
1649	114 
1650	66 
1651	136 
1652	104 
1653	104 
1654	204 
1655	119 
1656	49 
1657	117 
1658	134 
1659	80 
1660	63 
1661	79 
1662	179 
1663	52 
1664	127 
1665	131 
1666	3 
1667	205 
1668	154 
1669	189 
1670	201 
1671	199 
1672	6 
1673	14 
1674	126 
1675	31 
1676	138 
1677	187 
1678	121 
1679	88 
1680	39 
1681	120 
1682	192 
1683	80 
1684	123 
1685	175 
1686	190 
1687	56 
1688	141 
1689	52 
1690	89 
1691	168 
1692	12 
1693	4 
1694	118 
1695	162 
1696	108 
1697	130 
1698	157 
1699	141 
1700	164 
1701	13 
1702	143 
1703	82 
1704	122 
1705	157 
1706	93 
1707	119 
1708	131 
1709	162 
1710	28 
1711	144 
1712	30 
1713	144 
1714	45 
1715	115 
1716	117 
1717	87 
1718	21 
1719	201 
1720	43 
1721	148 
1722	78 
1723	155 
1724	145 
1725	103 
1726	186 
1727	175 
1728	66 
1729	52 
1730	16 
1731	16 
1732	161 
1733	15 
1734	77 
1735	142 
1736	61 
1737	151 
1738	151 
1739	50 
1740	197 
1741	116 
1742	77 
1743	70 
1744	129 
1745	170 
1746	19 
1747	49 
1748	139 
1749	119 
1750	72 
1751	79 
1752	122 
1753	62 
1754	167 
1755	72 
1756	158 
1757	185 
1758	198 
1759	198 
1760	35 
1761	147 
1762	78 
1763	192 
1764	148 
1765	114 
1766	179 
1767	104 
1768	21 
1769	120 
1770	9 
1771	98 
1772	115 
1773	54 
1774	58 
1775	119 
1776	196 
1777	196 
1778	78 
1779	170 
1780	78 
1781	96 
1782	142 
1783	155 
1784	135 
1785	52 
1786	118 
1787	66 
1788	121 
1789	105 
1790	116 
1791	75 
1792	202 
1793	76 
1794	26 
1795	17 
1796	173 
1797	77 
1798	97 
1799	187 
1800	26 
1801	149 
1802	191 
1803	141 
1804	166 
1805	182 
1806	22 
1807	133 
1808	107 
1809	180 
1810	103 
1811	85 
1812	201 
1813	186 
1814	151 
1815	70 
1816	184 
1817	169 
1818	11 
1819	156 
1820	125 
1821	160 
1822	122 
1823	196 
1824	158 
1825	76 
1826	124 
1827	142 
1828	116 
1829	30 
1830	142 
1831	70 
1832	78 
1833	58 
1834	50 
1835	131 
1836	116 
1837	70 
1838	134 
1839	200 
1840	182 
1841	42 
1842	12 
1843	58 
1844	198 
1845	45 
1846	184 
1847	107 
1848	103 
1849	192 
1850	195 
1851	114 
1852	180 
1853	168 
1854	55 
1855	162 
1856	14 
1857	203 
1858	141 
1859	158 
1860	148 
1861	166 
1862	201 
1863	73 
1864	71 
1865	101 
1866	187 
1867	174 
1868	149 
1869	97 
1870	180 
1871	101 
1872	91 
1873	64 
1874	203 
1875	28 
1876	147 
1877	139 
1878	85 
1879	23 
1880	13 
1881	23 
1882	110 
1883	98 
1884	145 
1885	59 
1886	182 
1887	41 
1888	82 
1889	45 
1890	104 
1891	121 
1892	168 
1893	103 
1894	70 
1895	43 
1896	114 
1897	64 
1898	144 
1899	142 
1900	73 
1901	59 
1902	2 
1903	26 
1904	76 
1905	203 
1906	82 
1907	64 
1908	133 
1909	133 
1910	133 
1911	150 
1912	97 
1913	168 
1914	76 
1915	196 
1916	134 
1917	35 
1918	28 
1919	43 
1920	48 
1921	10 
1922	117 
1923	64 
1924	38 
1925	129 
1926	92 
1927	84 
1928	152 
1929	90 
1930	16 
1931	180 
1932	107 
1933	130 
1934	175 
1935	124 
1936	177 
1937	202 
1938	132 
1939	200 
1940	165 
1941	85 
1942	17 
1943	124 
1944	151 
1945	118 
1946	62 
1947	87 
1948	144 
1949	68 
1950	177 
1951	17 
1952	37 
1953	124 
1954	60 
1955	5 
1956	206 
1957	18 
1958	53 
1959	83 
1960	38 
1961	161 
1962	113 
1963	1 
1964	125 
1965	32 
1966	127 
1967	139 
1968	38 
1969	150 
1970	108 
1971	201 
1972	131 
1973	21 
1974	79 
1975	83 
1976	176 
1977	67 
1978	180 
1979	69 
1980	14 
1981	187 
1982	168 
1983	106 
1984	31 
1985	35 
1986	197 
1987	93 
1988	3 
1989	30 
1990	177 
1991	138 
1992	39 
1993	112 
1994	127 
1995	22 
1996	74 
1997	185 
1998	115 
1999	19 
2000	138 
2001	132 
2002	138 
2003	107 
2004	2 
2005	151 
2006	206 
2007	206 
2008	18 
2009	17 
2010	1 
2011	169 
2012	202 
2013	104 
2014	12 
2015	163 
2016	87 
2017	92 
2018	51 
2019	15 
2020	203 
2021	177 
2022	180 
2023	132 
2024	123 
2025	175 
2026	117 
2027	133 
2028	8 
2029	118 
2030	158 
2031	202 
2032	102 
2033	173 
2034	182 
2035	131 
2036	108 
2037	195 
2038	69 
2039	43 
2040	59 
2041	189 
2042	50 
2043	16 
2044	192 
2045	35 
2046	92 
2047	32 
2048	8 
2049	44 
2050	56 
2051	26 
2052	31 
2053	14 
2054	109 
2055	61 
2056	108 
2057	201 
2058	115 
2059	203 
2060	144 
2061	44 
2062	75 
2063	8 
2064	123 
2065	82 
2066	181 
2067	177 
2068	137 
2069	129 
2070	102 
2071	161 
2072	50 
2073	191 
2074	142 
2075	104 
2076	183 
2077	159 
2078	136 
2079	182 
2080	54 
2081	85 
2082	64 
2083	173 
2084	129 
2085	80 
2086	103 
2087	145 
2088	48 
2089	112 
2090	115 
2091	32 
2092	136 
2093	35 
2094	148 
2095	32 
2096	85 
2097	155 
2098	95 
2099	54 
2100	175 
2101	93 
2102	69 
2103	47 
2104	53 
2105	166 
2106	199 
2107	102 
2108	87 
2109	179 
2110	12 
2111	156 
2112	49 
2113	150 
2114	155 
2115	175 
2116	5 
2117	15 
2118	184 
2119	1 
2120	80 
2121	159 
2122	49 
2123	73 
2124	109 
2125	192 
2126	137 
2127	167 
2128	109 
2129	73 
2130	101 
2131	165 
2132	89 
2133	35 
2134	93 
2135	168 
2136	46 
2137	15 
2138	110 
2139	186 
2140	72 
2141	113 
2142	81 
2143	154 
2144	196 
2145	51 
2146	180 
2147	112 
2148	38 
2149	32 
2150	55 
2151	14 
2152	205 
2153	120 
2154	172 
2155	72 
2156	138 
2157	31 
2158	171 
2159	162 
2160	61 
2161	31 
2162	39 
2163	59 
2164	184 
2165	16 
2166	139 
2167	174 
2168	58 
2169	164 
2170	179 
2171	176 
2172	1 
2173	93 
2174	158 
2175	45 
2176	105 
2177	90 
2178	41 
2179	127 
2180	83 
2181	46 
2182	85 
2183	75 
2184	133 
2185	161 
2186	112 
2187	81 
2188	56 
2189	60 
2190	57 
2191	76 
2192	3 
2193	15 
2194	85 
2195	200 
2196	97 
2197	64 
2198	81 
2199	102 
2200	185 
2201	83 
2202	16 
2203	3 
2204	110 
2205	126 
2206	152 
2207	57 
2208	177 
2209	48 
2210	98 
2211	127 
2212	178 
2213	201 
2214	156 
2215	88 
2216	52 
2217	85 
2218	132 
2219	117 
2220	102 
2221	104 
2222	69 
2223	6 
2224	89 
2225	136 
2226	43 
2227	126 
2228	59 
2229	14 
2230	56 
2231	62 
2232	146 
2233	74 
2234	55 
2235	181 
2236	115 
2237	32 
2238	141 
2239	63 
2240	142 
2241	9 
2242	181 
2243	189 
2244	193 
2245	182 
2246	127 
2247	4 
2248	116 
2249	52 
2250	98 
2251	121 
2252	150 
2253	201 
2254	197 
2255	175 
2256	83 
2257	68 
2258	195 
2259	49 
2260	192 
2261	13 
2262	68 
2263	17 
2264	84 
2265	102 
2266	203 
2267	104 
2268	109 
2269	2 
2270	52 
2271	57 
2272	129 
2273	165 
2274	6 
2275	144 
2276	18 
2277	87 
2278	112 
2279	38 
2280	52 
2281	37 
2282	84 
2283	156 
2284	139 
2285	47 
2286	167 
2287	178 
2288	66 
2289	76 
2290	157 
2291	160 
2292	4 
2293	186 
2294	198 
2295	82 
2296	134 
2297	72 
2298	126 
2299	124 
2300	14 
2301	151 
2302	166 
2303	165 
2304	185 
2305	45 
2306	102 
2307	28 
2308	129 
2309	121 
2310	156 
2311	69 
2312	202 
2313	110 
2314	182 
2315	139 
2316	57 
2317	28 
2318	8 
2319	149 
2320	72 
2321	142 
2322	15 
2323	53 
2324	82 
2325	167 
2326	187 
2327	23 
2328	130 
2329	23 
2330	81 
2331	131 
2332	59 
2333	154 
2334	133 
2335	183 
2336	72 
2337	80 
2338	169 
2339	61 
2340	134 
2341	46 
2342	181 
2343	172 
2344	101 
2345	149 
2346	190 
2347	131 
2348	205 
2349	18 
2350	118 
2351	124 
2352	197 
2353	182 
2354	84 
2355	54 
2356	191 
2357	202 
2358	3 
2359	182 
2360	75 
2361	193 
2362	84 
2363	166 
2364	129 
2365	37 
2366	38 
2367	13 
2368	50 
2369	41 
2370	45 
2371	139 
2372	193 
2373	41 
2374	148 
2375	33 
2376	203 
2377	106 
2378	177 
2379	183 
2380	145 
2381	201 
2382	174 
2383	83 
2384	124 
2385	33 
2386	62 
2387	38 
2388	166 
2389	52 
2390	67 
2391	156 
2392	16 
2393	190 
2394	125 
2395	102 
2396	132 
2397	83 
2398	187 
2399	167 
2400	172 
2401	129 
2402	139 
2403	177 
2404	202 
2405	139 
2406	137 
2407	201 
2408	186 
2409	150 
2410	140 
2411	120 
2412	101 
2413	89 
2414	137 
2415	97 
2416	79 
2417	76 
2418	49 
2419	198 
2420	203 
2421	125 
2422	120 
2423	181 
2424	159 
2425	83 
2426	148 
2427	95 
2428	13 
2429	206 
2430	59 
2431	163 
2432	11 
2433	80 
2434	144 
2435	83 
2436	14 
2437	157 
2438	67 
2439	88 
2440	150 
2441	81 
2442	179 
2443	97 
2444	177 
2445	132 
2446	141 
2447	163 
2448	141 
2449	18 
2450	89 
2451	31 
2452	43 
2453	13 
2454	78 
2455	171 
2456	123 
2457	85 
2458	140 
2459	61 
2460	204 
2461	114 
2462	76 
2463	137 
2464	168 
2465	164 
2466	44 
2467	149 
2468	133 
2469	34 
2470	30 
2471	18 
2472	142 
2473	107 
2474	185 
2475	118 
2476	17 
2477	140 
2478	116 
2479	67 
2480	34 
2481	142 
2482	176 
2483	141 
2484	79 
2485	107 
2486	112 
2487	132 
2488	57 
2489	57 
2490	106 
2491	57 
2492	103 
2493	178 
2494	181 
2495	103 
2496	197 
2497	138 
2498	46 
2499	8 
2500	163 
2501	18 
2502	10 
2503	16 
2504	34 
2505	204 
2506	28 
2507	88 
2508	121 
2509	14 
2510	115 
2511	9 
2512	201 
2513	15 
2514	23 
2515	146 
2516	139 
2517	87 
2518	123 
2519	175 
2520	16 
2521	176 
2522	106 
2523	41 
2524	146 
2525	114 
2526	186 
2527	140 
2528	141 
2529	107 
2530	131 
2531	72 
2532	34 
2533	202 
2534	97 
2535	64 
2536	162 
2537	43 
2538	145 
2539	130 
2540	169 
2541	90 
2542	51 
2543	142 
2544	44 
2545	152 
2546	121 
2547	68 
2548	72 
2549	200 
2550	106 
2551	34 
2552	38 
2553	137 
2554	147 
2555	89 
2556	179 
2557	179 
2558	2 
2559	185 
2560	155 
2561	177 
2562	176 
2563	52 
2564	162 
2565	89 
2566	6 
2567	163 
2568	17 
2569	49 
2570	93 
2571	53 
2572	52 
2573	4 
2574	139 
2575	200 
2576	59 
2577	107 
2578	64 
2579	35 
2580	28 
2581	120 
2582	53 
2583	186 
2584	122 
2585	6 
2586	117 
2587	168 
2588	190 
2589	152 
2590	31 
2591	98 
2592	83 
2593	38 
2594	141 
2595	59 
2596	103 
2597	204 
2598	18 
2599	33 
2600	178 
2601	45 
2602	152 
2603	151 
2604	62 
2605	72 
2606	130 
2607	200 
2608	62 
2609	56 
2610	44 
2611	47 
2612	162 
2613	23 
2614	89 
2615	18 
2616	45 
2617	189 
2618	117 
2619	38 
2620	85 
2621	41 
2622	204 
2623	202 
2624	131 
2625	157 
2626	69 
2627	34 
2628	91 
2629	49 
2630	48 
2631	48 
2632	130 
2633	151 
2634	80 
2635	205 
2636	117 
2637	81 
2638	142 
2639	30 
2640	13 
2641	93 
2642	79 
2643	147 
2644	76 
2645	81 
2646	57 
2647	88 
2648	84 
2649	124 
2650	180 
2651	68 
2652	80 
2653	179 
2654	68 
2655	106 
2656	82 
2657	197 
2658	9 
2659	112 
2660	41 
2661	154 
2662	17 
2663	123 
2664	205 
2665	159 
2666	56 
2667	51 
2668	41 
2669	154 
2670	130 
2671	181 
2672	62 
2673	91 
2674	168 
2675	204 
2676	4 
2677	14 
2678	169 
2679	82 
2680	177 
2681	32 
2682	183 
2683	129 
2684	97 
2685	17 
2686	53 
2687	61 
2688	161 
2689	8 
2690	155 
2691	130 
2692	102 
2693	142 
2694	157 
2695	63 
2696	63 
2697	172 
2698	206 
2699	156 
2700	150 
2701	118 
2702	162 
2703	79 
2704	47 
2705	89 
2706	56 
2707	129 
2708	18 
2709	114 
2710	200 
2711	72 
2712	139 
2713	124 
2714	177 
2715	125 
2716	90 
2717	205 
2718	164 
2719	178 
2720	197 
2721	193 
2722	163 
2723	74 
2724	92 
2725	45 
2726	138 
2727	190 
2728	168 
2729	53 
2730	102 
2731	193 
2732	50 
2733	59 
2734	56 
2735	48 
2736	160 
2737	180 
2738	46 
2739	83 
2740	72 
2741	186 
2742	132 
2743	130 
2744	74 
2745	121 
2746	68 
2747	75 
2748	53 
2749	32 
2750	48 
2751	35 
2752	85 
2753	129 
2754	28 
2755	32 
2756	172 
2757	81 
2758	187 
2759	21 
2760	51 
2761	3 
2762	175 
2763	95 
2764	34 
2765	2 
2766	150 
2767	90 
2768	51 
2769	6 
2770	160 
2771	21 
2772	55 
2773	33 
2774	78 
2775	139 
2776	118 
2777	159 
2778	59 
2779	168 
2780	8 
2781	193 
2782	154 
2783	17 
2784	108 
2785	64 
2786	13 
2787	129 
2788	180 
2789	117 
2790	13 
2791	157 
2792	195 
2793	193 
2794	155 
2795	166 
2796	131 
2797	82 
2798	122 
2799	92 
2800	136 
2801	155 
2802	51 
2803	202 
2804	30 
2805	82 
2806	198 
2807	150 
2808	79 
2809	76 
2810	182 
2811	163 
2812	157 
2813	146 
2814	16 
2815	66 
2816	81 
2817	11 
2818	106 
2819	171 
2820	147 
2821	93 
2822	91 
2823	38 
2824	7 
2825	167 
2826	126 
2827	14 
2828	71 
2829	84 
2830	171 
2831	166 
2832	202 
2833	161 
2834	63 
2835	9 
2836	17 
2837	204 
2838	169 
2839	163 
2840	68 
2841	11 
2842	81 
2843	35 
2844	46 
2845	21 
2846	3 
2847	140 
2848	64 
2849	184 
2850	57 
2851	180 
2852	201 
2853	126 
2854	47 
2855	138 
2856	162 
2857	184 
2858	66 
2859	67 
2860	88 
2861	78 
2862	114 
2863	125 
2864	47 
2865	169 
2866	34 
2867	190 
2868	167 
2869	105 
2870	63 
2871	103 
2872	149 
2873	9 
2874	140 
2875	167 
2876	157 
2877	33 
2878	176 
2879	175 
2880	171 
2881	137 
2882	85 
2883	131 
2884	71 
2885	63 
2886	169 
2887	66 
2888	169 
2889	78 
2890	15 
2891	129 
2892	122 
2893	28 
2894	121 
2895	88 
2896	151 
2897	101 
2898	11 
2899	4 
2900	159 
2901	53 
2902	138 
2903	115 
2904	71 
2905	28 
2906	117 
2907	198 
2908	30 
2909	91 
2910	19 
2911	15 
2912	47 
2913	189 
2914	171 
2915	150 
2916	195 
2917	83 
2918	183 
2919	106 
2920	193 
2921	80 
2922	67 
2923	91 
2924	3 
2925	112 
2926	204 
2927	112 
2928	185 
2929	115 
2930	19 
2931	106 
2932	90 
2933	137 
2934	186 
2935	181 
2936	59 
2937	137 
2938	21 
2939	32 
2940	137 
2941	115 
2942	164 
2943	192 
2944	164 
2945	45 
2946	89 
2947	137 
2948	185 
2949	50 
2950	98 
2951	38 
2952	147 
2953	45 
2954	18 
2955	45 
2956	39 
2957	195 
2958	115 
2959	171 
2960	90 
2961	199 
2962	125 
2963	126 
2964	11 
2965	52 
2966	140 
2967	158 
2968	176 
2969	183 
2970	60 
2971	81 
2972	46 
2973	92 
2974	167 
2975	33 
2976	186 
2977	72 
2978	9 
2979	66 
2980	21 
2981	158 
2982	72 
2983	6 
2984	76 
2985	17 
2986	121 
2987	159 
2988	19 
2989	112 
2990	181 
2991	3 
2992	162 
2993	206 
2994	84 
2995	185 
2996	17 
2997	81 
2998	171 
2999	118 
3000	28 
3001	64 
3002	146 
3003	197 
3004	137 
3005	76 
3006	156 
3007	189 
3008	116 
3009	34 
3010	7 
3011	110 
3012	39 
3013	56 
3014	187 
3015	15 
3016	2 
3017	186 
3018	85 
3019	3 
3020	116 
3021	51 
3022	110 
3023	52 
3024	103 
3025	131 
3026	186 
3027	51 
3028	166 
3029	32 
3030	39 
3031	205 
3032	91 
3033	147 
3034	74 
3035	2 
3036	183 
3037	171 
3038	105 
3039	14 
3040	58 
3041	199 
3042	82 
3043	185 
3044	112 
3045	53 
3046	139 
3047	52 
3048	149 
3049	155 
3050	46 
3051	84 
3052	83 
3053	102 
3054	104 
3055	17 
3056	102 
3057	50 
3058	159 
3059	47 
3060	125 
3061	11 
3062	30 
3063	199 
3064	200 
3065	193 
3066	189 
3067	112 
3068	126 
3069	67 
3070	33 
3071	88 
3072	85 
3073	8 
3074	88 
3075	140 
3076	136 
3077	157 
3078	76 
3079	192 
3080	64 
3081	204 
3082	61 
3083	146 
3084	123 
3085	82 
3086	162 
3087	9 
3088	172 
3089	198 
3090	33 
3091	206 
3092	90 
3093	9 
3094	53 
3095	138 
3096	7 
3097	14 
3098	202 
3099	90 
3100	2 
3101	47 
3102	107 
3103	161 
3104	141 
3105	110 
3106	192 
3107	150 
3108	155 
3109	30 
3110	180 
3111	126 
3112	45 
3113	152 
3114	181 
3115	141 
3116	75 
3117	166 
3118	78 
3119	189 
3120	185 
3121	151 
3122	184 
3123	117 
3124	7 
3125	126 
3126	197 
3127	72 
3128	3 
3129	63 
3130	137 
3131	49 
3132	60 
3133	104 
3134	140 
3135	64 
3136	101 
3137	17 
3138	97 
3139	47 
3140	162 
3141	21 
3142	183 
3143	140 
3144	53 
3145	9 
3146	98 
3147	57 
3148	184 
3149	176 
3150	31 
3151	61 
3152	30 
3153	197 
3154	186 
3155	206 
3156	137 
3157	7 
3158	198 
3159	55 
3160	189 
3161	16 
3162	61 
3163	123 
3164	60 
3165	126 
3166	199 
3167	197 
3168	195 
3169	43 
3170	161 
3171	201 
3172	50 
3173	92 
3174	151 
3175	146 
3176	63 
3177	6 
3178	66 
3179	147 
3180	101 
3181	198 
3182	125 
3183	123 
3184	186 
3185	19 
3186	199 
3187	35 
3188	104 
3189	123 
3190	166 
3191	122 
3192	159 
3193	15 
3194	71 
3195	200 
3196	163 
3197	101 
3198	50 
3199	159 
3200	156 
3201	171 
3202	141 
3203	50 
3204	69 
3205	34 
3206	206 
3207	146 
3208	84 
3209	151 
3210	49 
3211	115 
3212	175 
3213	90 
3214	59 
3215	81 
3216	177 
3217	61 
3218	176 
3219	129 
3220	2 
3221	121 
3222	103 
3223	101 
3224	38 
3225	136 
3226	172 
3227	125 
3228	171 
3229	125 
3230	177 
3231	175 
3232	164 
3233	30 
3234	53 
3235	136 
3236	28 
3237	185 
3238	106 
3239	175 
3240	162 
3241	84 
3242	121 
3243	69 
3244	121 
3245	30 
3246	186 
3247	172 
3248	56 
3249	56 
3250	206 
3251	182 
3252	195 
3253	182 
3254	82 
3255	80 
3256	160 
3257	71 
3258	147 
3259	129 
3260	75 
3261	35 
3262	147 
3263	75 
3264	126 
3265	110 
3266	190 
3267	189 
3268	171 
3269	55 
3270	182 
3271	168 
3272	164 
3273	59 
3274	41 
3275	69 
3276	35 
3277	189 
3278	126 
3279	50 
3280	195 
3281	159 
3282	181 
3283	176 
3284	88 
3285	105 
3286	185 
3287	43 
3288	149 
3289	21 
3290	6 
3291	79 
3292	181 
3293	58 
3294	205 
3295	90 
3296	31 
3297	205 
3298	201 
3299	149 
3300	31 
3301	205 
3302	33 
3303	92 
3304	205 
3305	151 
3306	167 
3307	21 
3308	72 
3309	116 
3310	164 
3311	31 
3312	193 
3313	45 
3314	190 
3315	137 
3316	31 
3317	64 
3318	206 
3319	15 
3320	35 
3321	122 
3322	44 
3323	75 
3324	149 
3325	146 
3326	122 
3327	149 
3328	154 
3329	66 
3330	31 
3331	85 
3332	159 
3333	45 
3334	41 
3335	189 
3336	15 
3337	30 
3338	81 
3339	32 
3340	75 
3341	17 
3342	7 
3343	117 
3344	177 
3345	166 
3346	139 
3347	146 
3348	146 
3349	201 
3350	71 
3351	74 
3352	166 
3353	107 
3354	201 
3355	121 
3356	169 
3357	50 
3358	157 
3359	104 
3360	141 
3361	75 
3362	81 
3363	13 
3364	28 
3365	105 
3366	186 
3367	33 
3368	110 
3369	60 
3370	56 
3371	137 
3372	164 
3373	57 
3374	52 
3375	163 
3376	180 
3377	90 
3378	175 
3379	118 
3380	112 
3381	21 
3382	104 
3383	157 
3384	185 
3385	190 
3386	11 
3387	167 
3388	126 
3389	189 
3390	137 
3391	41 
3392	64 
3393	116 
3394	57 
3395	164 
3396	19 
3397	21 
3398	44 
3399	186 
3400	64 
3401	176 
3402	112 
3403	72 
3404	34 
3405	66 
3406	175 
3407	38 
3408	69 
3409	43 
3410	80 
3411	44 
3412	66 
3413	7 
3414	200 
3415	160 
3416	159 
3417	104 
3418	58 
3419	180 
3420	142 
3421	176 
3422	16 
3423	150 
3424	202 
3425	19 
3426	7 
3427	186 
3428	180 
3429	205 
3430	11 
3431	50 
3432	159 
3433	137 
3434	15 
3435	183 
3436	112 
3437	204 
3438	35 
3439	110 
3440	162 
3441	180 
3442	200 
3443	8 
3444	33 
3445	192 
3446	160 
3447	88 
3448	19 
3449	164 
3450	13 
3451	115 
3452	195 
3453	181 
3454	59 
3455	18 
3456	83 
3457	38 
3458	53 
3459	159 
3460	160 
3461	154 
3462	141 
3463	61 
3464	126 
3465	112 
3466	46 
3467	21 
3468	190 
3469	18 
3470	201 
3471	169 
3472	199 
3473	75 
3474	192 
3475	184 
3476	162 
3477	140 
3478	80 
3479	163 
3480	44 
3481	181 
3482	21 
3483	30 
3484	181 
3485	164 
3486	45 
3487	155 
3488	172 
3489	45 
3490	107 
3491	160 
3492	38 
3493	110 
3494	84 
3495	164 
3496	115 
3497	155 
3498	136 
3499	190 
3500	125 
3501	79 
3502	19 
3503	30 
3504	89 
3505	46 
3506	139 
3507	118 
3508	141 
3509	46 
3510	137 
3511	160 
3512	30 
3513	136 
3514	79 
3515	15 
3516	166 
3517	201 
3518	190 
3519	115 
3520	186 
3521	147 
3522	182 
3523	177 
3524	186 
3525	102 
3526	60 
3527	136 
3528	53 
3529	195 
3530	11 
3531	81 
3532	138 
3533	122 
3534	204 
3535	115 
3536	19 
3537	58 
3538	146 
3539	58 
3540	63 
3541	103 
3542	19 
3543	177 
3544	162 
3545	41 
3546	139 
3547	74 
3548	83 
3549	84 
3550	205 
3551	33 
3552	129 
3553	158 
3554	175 
3555	160 
3556	154 
3557	6 
3558	71 
3559	146 
3560	116 
3561	80 
3562	112 
3563	131 
3564	199 
3565	138 
3566	102 
3567	19 
3568	157 
3569	154 
3570	202 
3571	44 
3572	129 
3573	11 
3574	13 
3575	138 
3576	131 
3577	41 
3578	167 
3579	53 
3580	169 
3581	125 
3582	51 
3583	158 
3584	183 
3585	79 
3586	184 
3587	92 
3588	6 
3589	192 
3590	53 
3591	102 
3592	195 
3593	166 
3594	75 
3595	43 
3596	6 
3597	181 
3598	18 
3599	171 
3600	205 
3601	117 
3602	117 
3603	125 
3604	177 
3605	204 
3606	112 
3607	192 
3608	21 
3609	41 
3610	15 
3611	59 
3612	160 
3613	30 
3614	66 
3615	82 
3616	63 
3617	160 
3618	18 
3619	137 
3620	43 
3621	192 
3622	49 
3623	41 
3624	180 
3625	163 
3626	13 
3627	157 
3628	83 
3629	85 
3630	103 
3631	180 
3632	83 
3633	84 
3634	200 
3635	49 
3636	35 
3637	129 
3638	43 
3639	30 
3640	116 
3641	190 
3642	172 
3643	147 
3644	131 
3645	56 
3646	206 
3647	181 
3648	166 
3649	158 
3650	172 
3651	164 
3652	157 
3653	138 
3654	142 
3655	162 
3656	69 
3657	53 
3658	117 
3659	201 
3660	17 
3661	14 
3662	49 
3663	102 
3664	149 
3665	92 
3666	63 
3667	58 
3668	6 
3669	116 
3670	88 
3671	2 
3672	185 
3673	171 
3674	69 
3675	158 
3676	101 
3677	7 
3678	167 
3679	72 
3680	63 
3681	21 
3682	30 
3683	88 
3684	74 
3685	92 
3686	195 
3687	14 
3688	159 
3689	177 
3690	205 
3691	61 
3692	136 
3693	136 
3694	58 
3695	154 
3696	103 
3697	167 
3698	7 
3699	163 
3700	7 
3701	192 
3702	44 
3703	90 
3704	50 
3705	131 
3706	138 
3707	160 
3708	19 
3709	110 
3710	146 
3711	88 
3712	89 
3713	175 
3714	205 
3715	157 
3716	201 
3717	183 
3718	138 
3719	160 
3720	175 
3721	74 
3722	158 
3723	84 
3724	186 
3725	11 
3726	131 
3727	31 
3728	154 
3729	205 
3730	64 
3731	44 
3732	53 
3733	185 
3734	43 
3735	61 
3736	137 
3737	32 
3738	141 
3739	2 
3740	107 
3741	71 
3742	49 
3743	121 
3744	166 
3745	195 
3746	199 
3747	71 
3748	146 
3749	129 
3750	199 
3751	141 
3752	177 
3753	84 
3754	59 
3755	189 
3756	74 
3757	105 
3758	106 
3759	66 
3760	33 
3761	58 
3762	198 
3763	171 
3764	74 
3765	55 
3766	55 
3767	164 
3768	44 
3769	122 
3770	199 
3771	53 
3772	149 
3773	69 
3774	33 
3775	139 
3776	2 
3777	34 
3778	6 
3779	80 
3780	159 
3781	64 
3782	136 
3783	126 
3784	146 
3785	146 
3786	126 
3787	112 
3788	121 
3789	110 
3790	110 
3791	89 
3792	183 
3793	137 
3794	118 
3795	171 
3796	59 
3797	181 
3798	146 
3799	185 
3800	28 
3801	35 
3802	200 
3803	103 
3804	166 
3805	155 
3806	2 
3807	61 
3808	137 
3809	28 
3810	56 
3811	118 
3812	137 
3813	55 
3814	181 
3815	129 
3816	34 
3817	102 
3818	58 
3819	107 
3820	80 
3821	150 
3822	43 
3823	33 
3824	53 
3825	141 
3826	82 
3827	126 
3828	6 
3829	74 
3830	32 
3831	162 
3832	160 
3833	16 
3834	76 
3835	71 
3836	105 
3837	45 
3838	116 
3839	150 
3840	18 
3841	45 
3842	102 
3843	102 
3844	11 
3845	50 
3846	85 
3847	129 
3848	57 
3849	198 
3850	105 
3851	34 
3852	31 
3853	75 
3854	11 
3855	49 
3856	139 
3857	141 
3858	112 
3859	88 
3860	53 
3861	14 
3862	199 
3863	59 
3864	85 
3865	150 
3866	205 
3867	137 
3868	71 
3869	60 
3870	61 
3871	162 
3872	60 
3873	11 
3874	64 
3875	49 
3876	17 
3877	32 
3878	66 
3879	136 
3880	80 
3881	131 
3882	34 
3883	19 
3884	11 
3885	63 
3886	85 
3887	82 
3888	198 
3889	198 
3890	115 
3891	14 
3892	139 
3893	15 
3894	32 
3895	146 
3896	149 
3897	162 
3898	15 
3899	66 
3900	15 
3901	30 
3902	34 
3903	193 
3904	49 
3905	118 
3906	88 
3907	199 
3908	46 
3909	115 
3910	61 
3911	201 
3912	155 
3913	83 
3914	45 
3915	34 
3916	140 
3917	190 
3918	125 
3919	175 
3920	171 
3921	167 
3922	43 
3923	190 
3924	172 
3925	15 
3926	16 
3927	79 
3928	46 
3929	14 
3930	33 
3931	61 
3932	14 
3933	166 
3934	172 
3935	58 
3936	150 
3937	19 
3938	38 
3939	83 
3940	138 
3941	90 
3942	167 
3943	63 
3944	103 
3945	136 
3946	125 
3947	30 
3948	45 
3949	43 
3950	61 
3951	28 
3952	19 
3953	200 
3954	69 
3955	21 
3956	139 
3957	200 
3958	116 
3959	44 
3960	180 
3961	126 
3962	122 
3963	19 
3964	75 
3965	199 
3966	121 
3967	115 
3968	38 
3969	177 
3970	63 
3971	205 
3972	137 
3973	90 
3974	44 
3975	131 
3976	158 
3977	80 
3978	199 
3979	166 
3980	160 
3981	16 
3982	164 
3983	201 
3984	189 
3985	49 
3986	172 
3987	55 
3988	15 
3989	106 
3990	72 
3991	38 
3992	185 
3993	44 
3994	90 
3995	125 
3996	16 
3997	34 
3998	139 
3999	112 
4000	110 
4001	69 
4002	181 
4003	142 
4004	106 
4005	34 
4006	164 
4007	183 
4008	190 
4009	129 
4010	171 
4011	183 
4012	137 
4013	44 
4014	125 
4015	142 
4016	164 
4017	141 
4018	155 
4019	180 
4020	46 
4021	80 
4022	16 
4023	82 
4024	118 
4025	206 
4026	123 
4027	60 
4028	58 
4029	15 
4030	7 
4031	201 
4032	82 
4033	56 
4034	85 
4035	166 
4036	57 
4037	139 
4038	118 
4039	17 
4040	66 
4041	85 
4042	11 
4043	89 
4044	63 
4045	106 
4046	69 
4047	84 
4048	38 
4049	138 
4050	160 
4051	190 
4052	82 
4053	61 
4054	13 
4055	33 
4056	43 
4057	14 
4058	31 
4059	107 
4060	190 
4061	15 
4062	141 
4063	89 
4064	158 
4065	30 
4066	21 
4067	61 
4068	85 
4069	33 
4070	138 
4071	102 
4072	150 
4073	201 
4074	76 
4075	60 
4076	142 
4077	183 
4078	15 
4079	137 
4080	121 
4081	158 
4082	190 
4083	154 
4084	56 
4085	38 
4086	13 
4087	21 
4088	139 
4089	43 
4090	129 
4091	126 
4092	185 
4093	122 
4094	138 
4095	64 
4096	201 
4097	190 
4098	162 
4099	19 
4100	41 
4101	177 
4102	46 
4103	154 
4104	201 
4105	102 
4106	122 
4107	115 
4108	16 
4109	55 
4110	177 
4111	164 
4112	17 
4113	146 
4114	172 
4115	80 
4116	13 
4117	13 
4118	112 
4119	90 
4120	107 
4121	76 
4122	63 
4123	56 
4124	181 
4125	41 
4126	110 
4127	166 
4128	59 
4129	80 
4130	84 
4131	122 
4132	71 
4133	69 
4134	45 
4135	167 
4136	53 
4137	206 
4138	30 
4139	61 
4140	175 
4141	150 
4142	159 
4143	159 
4144	46 
4145	115 
4146	136 
4147	150 
4148	38 
4149	137 
4150	190 
4151	142 
4152	83 
4153	66 
4154	34 
4155	64 
4156	131 
4157	158 
4158	122 
4159	17 
4160	38 
4161	79 
4162	137 
4163	154 
4164	55 
4165	121 
4166	146 
4167	171 
4168	58 
4169	116 
4170	58 
4171	123 
4172	60 
4173	75 
4174	118 
4175	16 
4176	103 
4177	136 
4178	110 
4179	56 
4180	121 
4181	102 
4182	90 
4183	200 
4184	141 
4185	103 
4186	72 
4187	107 
4188	63 
4189	90 
4190	41 
4191	58 
4192	13 
4193	110 
4194	69 
4195	41 
4196	53 
4197	38 
4198	158 
4199	41 
4200	19 
4201	205 
4202	44 
4203	180 
4204	164 
4205	160 
4206	11 
4207	63 
4208	198 
4209	69 
4210	150 
4211	142 
4212	164 
4213	83 
4214	139 
4215	198 
4216	45 
4217	141 
4218	15 
4219	53 
4220	80 
4221	167 
4222	154 
4223	88 
4224	50 
4225	107 
4226	180 
4227	206 
4228	50 
4229	64 
4230	205 
4231	82 
4232	19 
4233	46 
4234	142 
4235	123 
4236	167 
4237	80 
4238	56 
4239	118 
4240	14 
4241	123 
4242	142 
4243	34 
4244	138 
4245	121 
4246	57 
4247	53 
4248	103 
4249	71 
4250	115 
4251	185 
4252	80 
4253	34 
4254	30 
4255	34 
4256	64 
4257	131 
4258	80 
4259	205 
4260	185 
4261	126 
4262	172 
4263	175 
4264	136 
4265	49 
4266	88 
4267	58 
4268	177 
4269	131 
4270	80 
4271	137 
4272	172 
4273	16 
4274	17 
4275	167 
4276	89 
4277	102 
4278	89 
4279	66 
4280	53 
4281	125 
4282	45 
4283	84 
4284	205 
4285	71 
4286	139 
4287	30 
4288	107 
4289	198 
4290	21 
4291	88 
4292	72 
4293	17 
4294	138 
4295	158 
4296	112 
4297	19 
4298	66 
4299	55 
4300	190 
4301	121 
4302	66 
4303	121 
4304	72 
4305	118 
4306	16 
4307	82 
4308	123 
4309	102 
4310	53 
4311	61 
4312	206 
4313	146 
4314	123 
4315	55 
4316	129 
4317	61 
4318	205 
4319	125 
4320	72 
4321	102 
4322	154 
4323	71 
4324	72 
4325	201 
4326	85 
4327	115 
4328	31 
4329	64 
4330	61 
4331	58 
4332	85 
4333	142 
4334	63 
4335	172 
4336	71 
4337	201 
4338	138 
4339	185 
4340	103 
4341	131 
4342	126 
4343	90 
4344	123 
4345	38 
4346	142 
4347	206 
4348	146 
4349	190 
4350	56 
4351	201 
4352	123 
4353	150 
4354	159 
4355	31 
4356	38 
4357	71 
4358	150 
4359	172 
4360	159 
4361	158 
4362	158 
4363	60 
4364	142 
4365	72 
4366	141 
4367	14 
4368	34 
4369	122 
4370	53 
4371	154 
4372	154 
4373	154 
4374	186 
4375	30 
4376	30 
4377	139 
4378	46 
4379	126 
4380	172 
4381	56 
4382	31 
4383	61 
4384	34 
4385	83 
4386	31 
4387	13 
4388	167 
4389	55 
4390	19 
4391	166 
4392	131 
4393	69 
4394	166 
4395	158 
4396	69 
4397	121 
4398	17 
4399	55 
4400	190 
4401	50 
4402	45 
4403	206 
4404	171 
4405	43 
4406	131 
4407	142 
4408	137 
4409	142 
4410	49 
4411	150 
4412	30 
4413	82 
4414	13 
4415	84 
4416	41 
4417	158 
4418	21 
4419	122 
4420	53 
4421	123 
4422	146 
4423	71 
4424	205 
4425	141 
4426	166 
4427	55 
4428	31 
4429	45 
4430	84 
4431	206 
4432	21 
4433	38 
4434	166 
4435	129 
4436	43 
4437	190 
4438	17 
4439	46 
4440	69 
4441	55 
4442	15 
4443	13 
4444	136 
4445	136 
4446	19 
4447	201 
4448	171 
4449	159 
4450	38 
4451	103 
4452	21 
4453	30 
4454	115 
4455	201 
4456	50 
4457	13 
4458	158 
4459	110 
4460	60 
4461	102 
4462	56 
4463	38 
4464	55 
4465	17 
4466	205 
4467	198 
4468	201 
4469	115 
4470	198 
4471	110 
4472	55 
4473	166 
4474	19 
4475	60 
4476	43 
4477	175 
4478	175 
4479	167 
4480	171 
4481	190 
4482	131 
4483	45 
4484	142 
4485	123 
4486	121 
4487	83 
4488	142 
4489	88 
4490	185 
4491	136 
4492	103 
4493	112 
4494	83 
4495	110 
4496	45 
4497	198 
4498	58 
4499	13 
4500	38 
4501	186 
4502	30 
4503	80 
4504	19 
4505	129 
4506	60 
4507	88 
4508	136 
4509	21 
4510	139 
4511	122 
4512	50 
4513	41 
4514	55 
4515	172 
4516	186 
4517	159 
4518	121 
4519	56 
4520	66 
4521	64 
4522	159 
4523	154 
4524	90 
4525	141 
4526	30 
4527	50 
4528	126 
4529	16 
4530	154 
4531	137 
4532	31 
4533	19 
4534	141 
4535	115 
4536	175 
4537	167 
4538	129 
4539	45 
4540	185 
4541	58 
4542	21 
4543	16 
4544	136 
4545	206 
4546	13 
4547	41 
4548	185 
4549	172 
4550	175 
4551	41 
4552	31 
4553	159 
4554	90 
4555	46 
4556	31 
4557	90 
4558	136 
4559	122 
4560	61 
4561	84 
4562	121 
4563	110 
4564	159 
4565	49 
4566	15 
4567	118 
4568	56 
4569	112 
4570	139 
4571	83 
4572	31 
4573	16 
4574	107 
4575	58 
4576	83 
4577	201 
4578	137 
4579	198 
4580	190 
4581	190 
4582	180 
4583	142 
4584	56 
4585	31 
4586	166 
4587	171 
4588	206 
4589	137 
4590	137 
4591	45 
4592	61 
4593	141 
4594	185 
4595	142 
4596	85 
4597	69 
4598	58 
4599	21 
4600	69 
4601	15 
4602	126 
4603	150 
4604	167 
4605	205 
4606	206 
4607	30 
4608	136 
4609	167 
4610	115 
4611	180 
4612	186 
4613	131 
4614	13 
4615	171 
4616	21 
4617	21 
4618	175 
4619	64 
4620	110 
4621	107 
4622	80 
4623	131 
4624	69 
4625	141 
4626	141 
4627	41 
4628	46 
4629	30 
4630	206 
4631	19 
4632	131 
4633	186 
4634	84 
4635	166 
4636	175 
4637	46 
4638	55 
4639	17 
4640	17 
4641	201 
4642	102 
4643	13 
4644	50 
4645	166 
4646	53 
4647	50 
4648	142 
4649	166 
4650	142 
4651	110 
4652	154 
4653	158 
4654	198 
4655	112 
4656	19 
4657	45 
4658	61 
4659	19 
4660	112 
4661	166 
4662	66 
4663	137 
4664	139 
4665	71 
4666	164 
4667	84 
4668	34 
4669	171 
4670	166 
4671	118 
4672	206 
4673	107 
4674	139 
4675	66 
4676	34 
4677	71 
4678	164 
4679	14 
4680	58 
4681	141 
4682	69 
4683	180 
4684	46 
4685	136 
4686	154 
4687	46 
4688	21 
4689	150 
4690	13 
4691	164 
4692	141 
4693	80 
4694	84 
4695	84 
4696	41 
4697	21 
4698	66 
4699	131 
4700	175 
4701	38 
4702	14 
4703	71 
4704	55 
4705	158 
4706	21 
4707	19 
4708	190 
4709	55 
4710	41 
4711	41 
4712	56 
4713	45 
4714	167 
4715	41 
4716	34 
4717	206 
4718	50 
4719	166 
4720	129 
4721	166 
4722	142 
4723	55 
4724	150 
4725	46 
4726	107 
4727	61 
4728	84 
4729	164 
4730	121 
4731	166 
4732	41 
4733	53 
4734	166 
4735	55 
4736	164 
4737	158 
4738	185 
4739	80 
4740	166 
4741	121 
4742	85 
4743	84 
4744	190 
4745	112 
4746	41 
4747	175 
4748	13 
4749	61 
4750	121 
4751	84 
4752	121 
4753	107 
4754	66 
4755	13 
4756	38 
4757	34 
4758	85 
4759	80 
4760	167 
4761	80 
4762	154 
4763	136 
4764	50 
4765	190 
4766	121 
4767	206 
4768	41 
4769	201 
4770	71 
4771	45 
4772	154 
4773	136 
4774	186 
4775	136 
4776	69 
4777	167 
4778	71 
4779	56 
4780	21 
4781	175 
4782	158 
4783	53 
4784	71 
4785	55 
4786	38 
4787	21 
4788	15 
4789	139 
4790	46 
4791	115 
4792	180 
4793	171 
4794	13 
4795	115 
4796	55 
4797	136 
4798	85 
4799	112 
4800	175 
4801	112 
4802	46 
4803	46 
4804	15 
4805	15 
4806	158 
4807	45 
4808	46 
4809	53 
4810	30 
4811	142 
4812	158 
4813	136 
4814	50 
4815	142 
4816	206 
4817	85 
4818	139 
4819	186 
4820	139 
4821	158 
4822	186 
4823	118 
4824	61 
4825	186 
4826	158 
4827	34 
4828	38 
4829	34 
4830	201 
4831	186 
4832	15 
4833	41 
4834	180 
4835	175 
4836	190 
4837	46 
4838	38 
4839	206 
4840	180 
4841	56 
4842	206 
4843	30 
4844	85 
4845	85 
4846	167 
4847	180 
4848	80 
4849	167 
4850	107 
4851	15 
4852	154 
4853	118 
4854	45 
4855	38 
4856	190 
4857	71 
4858	180 
4859	71 
4860	107 
4861	19 
4862	19 
4863	186 
4864	142 
4865	118 
4866	53 
4867	158 
4868	56 
4869	136 
4870	107 
4871	129 
4872	186 
4873	38 
4874	56 
4875	55 
4876	190 
4877	85 
4878	21 
4879	154 
4880	185 
4881	180 
4882	41 
4883	45 
4884	46 
4885	84 
4886	71 
4887	190 
4888	186 
4889	53 
4890	121 
4891	45 
4892	115 
4893	15 
4894	71 
4895	38 
4896	34 
4897	56 
4898	118 
4899	121 
4900	186 
4901	186 
4902	21 
4903	13 
4904	180 
4905	15 
4906	13 
4907	56 
4908	201 
4909	84 
4910	71 
4911	53 
4912	85 
4913	115 
4914	21 
4915	15 
4916	21 
4917	55 
4918	167 
4919	56 
4920	15 
4921	139 
4922	206 
4923	21 
4924	115 
4925	118 
4926	56 
4927	107 
4928	201 
4929	45 
4930	121 
4931	201 
4932	201 
4933	180 
4934	201 
4935	121 
4936	167 
4937	175 
4938	137 
4939	85 
4940	158 
4941	206 
4942	185 
4943	206 
4944	190 
4945	190 
4946	136 
4947	84 
4948	139 
4949	129 
4950	137 
4951	201 
4952	121 
4953	136 
4954	84 
4955	56 
4956	136 
4957	38 
4958	206 
4959	166 
4960	53 
4961	139 
4962	15 
4963	56 
4964	56 
4965	115 
4966	136 
4967	136 
4968	85 
4969	15 
4970	21 
4971	45 
4972	34 
4973	167 
4974	84 
4975	115 
4976	180 
4977	38 
4978	45 
4979	185 
4980	166 
4981	142 
4982	21 
4983	84 
4984	85 
4985	71 
4986	38 
4987	45 
4988	30 
4989	53 
4990	15 
4991	185 
4992	190 
4993	85 
4994	21 
4995	158 
4996	175 
4997	185 
4998	53 
4999	190 
5000	180 
